"tcga_id","Total_number_SNVs","Number_of_clusters","Number_of_clonal_SNVs","Number_of_subclonal_SNVs","Total_number_SNVs_CDS","Number_subclonal_SNVs_CDS","Subclonal_fraction","sML","cancer_type"
"TCGA-4J-AA1J",239,3,98,141,176,108,0.589958159,0.613636364,"CESC"
"TCGA-BI-A0VR",161,2,149,12,144,11,0.074534161,0.076388889,"CESC"
"TCGA-BI-A20A",62,4,23,39,56,36,0.629032258,0.642857143,"CESC"
"TCGA-C5-A0TN",28,5,15,13,22,8,0.464285714,0.363636364,"CESC"
"TCGA-C5-A1BE",78,2,73,5,67,5,0.064102564,0.074626866,"CESC"
"TCGA-C5-A1BF",90,4,39,51,76,43,0.566666667,0.565789474,"CESC"
"TCGA-C5-A1BI",156,3,46,110,134,95,0.705128205,0.708955224,"CESC"
"TCGA-C5-A1BJ",185,3,42,143,163,130,0.772972973,0.797546012,"CESC"
"TCGA-C5-A1BK",217,1,217,0,182,0,0,0,"CESC"
"TCGA-C5-A1BL",278,4,54,224,257,207,0.805755396,0.805447471,"CESC"
"TCGA-C5-A1BM",167,2,153,14,148,13,0.083832335,0.087837838,"CESC"
"TCGA-C5-A1BN",79,2,70,9,71,8,0.113924051,0.112676056,"CESC"
"TCGA-C5-A1M5",88,3,47,41,79,38,0.465909091,0.481012658,"CESC"
"TCGA-C5-A1M7",142,3,101,41,130,36,0.288732394,0.276923077,"CESC"
"TCGA-C5-A1M8",84,3,65,19,71,14,0.226190476,0.197183099,"CESC"
"TCGA-C5-A1ME",85,3,32,53,79,49,0.623529412,0.620253165,"CESC"
"TCGA-C5-A1MF",114,5,61,53,102,48,0.464912281,0.470588235,"CESC"
"TCGA-C5-A1MH",610,2,331,279,557,258,0.457377049,0.463195691,"CESC"
"TCGA-C5-A1MI",73,4,30,43,64,39,0.589041096,0.609375,"CESC"
"TCGA-C5-A1ML",92,2,83,9,83,8,0.097826087,0.096385542,"CESC"
"TCGA-C5-A1MP",62,2,53,9,58,8,0.14516129,0.137931034,"CESC"
"TCGA-C5-A2LS",75,2,67,8,61,7,0.106666667,0.114754098,"CESC"
"TCGA-C5-A2LT",60,3,44,16,44,12,0.266666667,0.272727273,"CESC"
"TCGA-C5-A2LX",302,3,242,60,224,40,0.198675497,0.178571429,"CESC"
"TCGA-C5-A2LY",150,2,138,12,101,9,0.08,0.089108911,"CESC"
"TCGA-C5-A2M1",132,3,111,21,103,16,0.159090909,0.155339806,"CESC"
"TCGA-C5-A2M2",81,3,70,11,64,10,0.135802469,0.15625,"CESC"
"TCGA-C5-A7CK",205,2,173,32,142,21,0.156097561,0.147887324,"CESC"
"TCGA-C5-A7CL",173,2,153,20,135,17,0.115606936,0.125925926,"CESC"
"TCGA-C5-A7CO",147,2,100,47,111,32,0.319727891,0.288288288,"CESC"
"TCGA-C5-A7UC",94,3,79,15,73,10,0.159574468,0.136986301,"CESC"
"TCGA-C5-A7UE",224,2,62,162,176,134,0.723214286,0.761363636,"CESC"
"TCGA-C5-A7UI",174,2,144,30,134,24,0.172413793,0.179104478,"CESC"
"TCGA-C5-A7X3",93,2,68,25,67,16,0.268817204,0.23880597,"CESC"
"TCGA-C5-A7X5",338,2,297,41,252,30,0.121301775,0.119047619,"CESC"
"TCGA-C5-A7X8",103,3,91,12,77,10,0.116504854,0.12987013,"CESC"
"TCGA-C5-A7XC",113,3,23,90,84,67,0.796460177,0.797619048,"CESC"
"TCGA-C5-A8XI",76,5,18,58,64,47,0.763157895,0.734375,"CESC"
"TCGA-C5-A8XJ",499,2,472,27,364,23,0.054108216,0.063186813,"CESC"
"TCGA-C5-A8YQ",246,2,216,30,181,24,0.12195122,0.132596685,"CESC"
"TCGA-C5-A8ZZ",122,2,90,32,89,24,0.262295082,0.269662921,"CESC"
"TCGA-C5-A907",72,2,52,20,58,19,0.277777778,0.327586207,"CESC"
"TCGA-DG-A2KH",90,2,55,35,69,25,0.388888889,0.362318841,"CESC"
"TCGA-DG-A2KJ",134,3,94,40,105,33,0.298507463,0.314285714,"CESC"
"TCGA-DG-A2KK",548,3,433,115,405,86,0.209854015,0.212345679,"CESC"
"TCGA-DG-A2KL",283,2,262,21,209,15,0.074204947,0.071770335,"CESC"
"TCGA-DG-A2KM",288,2,20,268,215,203,0.930555556,0.944186047,"CESC"
"TCGA-DR-A0ZM",1697,2,1596,101,1469,95,0.059516794,0.064669843,"CESC"
"TCGA-DS-A0VK",173,3,142,31,156,30,0.179190751,0.192307692,"CESC"
"TCGA-DS-A0VL",92,3,70,22,84,22,0.239130435,0.261904762,"CESC"
"TCGA-DS-A0VM",380,3,308,72,332,61,0.189473684,0.18373494,"CESC"
"TCGA-DS-A0VN",185,2,169,16,160,13,0.086486486,0.08125,"CESC"
"TCGA-DS-A3LQ",65,3,45,20,39,16,0.307692308,0.41025641,"CESC"
"TCGA-DS-A5RQ",153,2,142,11,106,7,0.071895425,0.066037736,"CESC"
"TCGA-DS-A7WF",56,3,38,18,48,16,0.321428571,0.333333333,"CESC"
"TCGA-DS-A7WH",153,2,135,18,118,16,0.117647059,0.13559322,"CESC"
"TCGA-DS-A7WI",43,2,36,7,28,3,0.162790698,0.107142857,"CESC"
"TCGA-EA-A1QT",80,2,76,4,70,4,0.05,0.057142857,"CESC"
"TCGA-EA-A3HQ",138,2,130,8,107,7,0.057971014,0.065420561,"CESC"
"TCGA-EA-A3QD",151,1,151,0,108,0,0,0,"CESC"
"TCGA-EA-A3QE",101,2,85,16,76,14,0.158415842,0.184210526,"CESC"
"TCGA-EA-A3Y4",210,2,197,13,144,8,0.061904762,0.055555556,"CESC"
"TCGA-EA-A410",1945,2,1827,118,1554,91,0.06066838,0.058558559,"CESC"
"TCGA-EA-A439",147,2,139,8,121,7,0.054421769,0.05785124,"CESC"
"TCGA-EA-A5O9",69,2,63,6,51,5,0.086956522,0.098039216,"CESC"
"TCGA-EA-A5ZE",86,2,78,8,59,5,0.093023256,0.084745763,"CESC"
"TCGA-EA-A5ZF",96,3,78,18,74,15,0.1875,0.202702703,"CESC"
"TCGA-EA-A6QX",104,2,75,29,77,22,0.278846154,0.285714286,"CESC"
"TCGA-EA-A78R",91,2,80,11,69,7,0.120879121,0.101449275,"CESC"
"TCGA-EA-A97N",206,2,108,98,158,78,0.475728155,0.493670886,"CESC"
"TCGA-EK-A2H0",266,1,266,0,191,0,0,0,"CESC"
"TCGA-EK-A2H1",51,2,41,10,30,7,0.196078431,0.233333333,"CESC"
"TCGA-EK-A2IP",216,2,198,18,159,13,0.083333333,0.081761006,"CESC"
"TCGA-EK-A2PG",871,2,804,67,661,56,0.076923077,0.084720121,"CESC"
"TCGA-EK-A2PI",121,2,99,22,94,19,0.181818182,0.20212766,"CESC"
"TCGA-EK-A2R9",78,3,59,19,57,13,0.243589744,0.228070175,"CESC"
"TCGA-EK-A2RB",143,2,132,11,118,10,0.076923077,0.084745763,"CESC"
"TCGA-EK-A2RC",259,1,259,0,199,0,0,0,"CESC"
"TCGA-EK-A2RE",31,2,25,6,25,6,0.193548387,0.24,"CESC"
"TCGA-EK-A2RK",347,2,320,27,252,18,0.077809798,0.071428571,"CESC"
"TCGA-EK-A2RL",46,4,35,11,36,7,0.239130435,0.194444444,"CESC"
"TCGA-EK-A2RN",212,2,201,11,158,6,0.051886792,0.037974684,"CESC"
"TCGA-EK-A2RO",174,2,158,16,130,12,0.091954023,0.092307692,"CESC"
"TCGA-EK-A3GJ",345,2,323,22,262,22,0.063768116,0.083969466,"CESC"
"TCGA-EK-A3GK",1923,2,1653,270,1434,195,0.140405616,0.135983264,"CESC"
"TCGA-EK-A3GM",281,2,266,15,199,12,0.053380783,0.060301508,"CESC"
"TCGA-EK-A3GN",95,2,88,7,73,5,0.073684211,0.068493151,"CESC"
"TCGA-EX-A1H5",57,3,43,14,50,10,0.245614035,0.2,"CESC"
"TCGA-EX-A1H6",154,2,118,36,106,25,0.233766234,0.235849057,"CESC"
"TCGA-EX-A449",51,3,42,9,38,8,0.176470588,0.210526316,"CESC"
"TCGA-EX-A69M",76,2,71,5,57,2,0.065789474,0.035087719,"CESC"
"TCGA-FU-A23K",142,1,142,0,125,0,0,0,"CESC"
"TCGA-FU-A23L",202,2,183,19,179,16,0.094059406,0.089385475,"CESC"
"TCGA-FU-A2QG",145,2,125,20,104,15,0.137931034,0.144230769,"CESC"
"TCGA-FU-A3EO",74,3,58,16,57,12,0.216216216,0.210526316,"CESC"
"TCGA-FU-A3HY",289,2,271,18,205,14,0.062283737,0.068292683,"CESC"
"TCGA-FU-A3NI",140,2,126,14,106,10,0.1,0.094339623,"CESC"
"TCGA-FU-A3TQ",78,3,69,9,64,9,0.115384615,0.140625,"CESC"
"TCGA-FU-A3TX",86,2,78,8,66,5,0.093023256,0.075757576,"CESC"
"TCGA-FU-A3WB",98,2,89,9,75,9,0.091836735,0.12,"CESC"
"TCGA-FU-A40J",306,2,281,25,224,19,0.081699346,0.084821429,"CESC"
"TCGA-FU-A5XV",149,2,121,28,106,24,0.187919463,0.226415094,"CESC"
"TCGA-FU-A770",73,2,68,5,51,2,0.068493151,0.039215686,"CESC"
"TCGA-GH-A9DA",116,2,106,10,85,6,0.086206897,0.070588235,"CESC"
"TCGA-HG-A9SC",115,3,96,19,91,16,0.165217391,0.175824176,"CESC"
"TCGA-HM-A6W2",111,2,94,17,86,14,0.153153153,0.162790698,"CESC"
"TCGA-IR-A3L7",46,3,32,14,29,10,0.304347826,0.344827586,"CESC"
"TCGA-IR-A3LA",1723,1,1723,0,1242,0,0,0,"CESC"
"TCGA-IR-A3LB",76,2,63,13,58,10,0.171052632,0.172413793,"CESC"
"TCGA-IR-A3LC",56,2,51,5,35,4,0.089285714,0.114285714,"CESC"
"TCGA-IR-A3LI",548,2,426,122,415,88,0.222627737,0.212048193,"CESC"
"TCGA-IR-A3LK",2030,2,1877,153,1488,92,0.075369458,0.061827957,"CESC"
"TCGA-JW-A5VG",36,3,24,12,30,9,0.333333333,0.3,"CESC"
"TCGA-JW-A5VI",96,2,91,5,72,3,0.052083333,0.041666667,"CESC"
"TCGA-JW-A5VJ",318,2,204,114,244,91,0.358490566,0.37295082,"CESC"
"TCGA-JW-A852",133,3,103,30,110,26,0.22556391,0.236363636,"CESC"
"TCGA-JW-AAVH",157,3,106,51,120,40,0.324840764,0.333333333,"CESC"
"TCGA-JX-A3Q0",1137,3,891,246,874,192,0.216358839,0.219679634,"CESC"
"TCGA-JX-A3Q8",83,3,73,10,58,8,0.120481928,0.137931034,"CESC"
"TCGA-JX-A5QV",69,3,56,13,55,9,0.188405797,0.163636364,"CESC"
"TCGA-LP-A4AX",68,2,60,8,53,6,0.117647059,0.113207547,"CESC"
"TCGA-LP-A5U3",57,2,51,6,49,4,0.105263158,0.081632653,"CESC"
"TCGA-LP-A7HU",252,2,220,32,180,23,0.126984127,0.127777778,"CESC"
"TCGA-MA-AA3Y",261,2,239,22,186,17,0.084291188,0.091397849,"CESC"
"TCGA-MA-AA3Z",280,3,161,119,207,95,0.425,0.458937198,"CESC"
"TCGA-MA-AA42",670,3,347,323,519,267,0.482089552,0.514450867,"CESC"
"TCGA-MU-A8JM",173,2,160,13,122,11,0.075144509,0.090163934,"CESC"
"TCGA-Q1-A5R1",102,4,42,60,75,40,0.588235294,0.533333333,"CESC"
"TCGA-Q1-A5R3",85,2,75,10,69,7,0.117647059,0.101449275,"CESC"
"TCGA-Q1-A6DT",239,1,239,0,188,0,0,0,"CESC"
"TCGA-Q1-A6DV",48,3,31,17,29,13,0.354166667,0.448275862,"CESC"
"TCGA-Q1-A6DW",148,2,136,12,111,11,0.081081081,0.099099099,"CESC"
"TCGA-Q1-A73O",2338,1,2338,0,1695,0,0,0,"CESC"
"TCGA-Q1-A73P",385,3,332,53,265,37,0.137662338,0.139622642,"CESC"
"TCGA-Q1-A73R",76,2,64,12,49,9,0.157894737,0.183673469,"CESC"
"TCGA-Q1-A73S",44,2,32,12,25,5,0.272727273,0.2,"CESC"
"TCGA-RA-A741",80,2,18,62,55,45,0.775,0.818181818,"CESC"
"TCGA-UC-A7PD",62,2,48,14,42,12,0.225806452,0.285714286,"CESC"
"TCGA-UC-A7PG",637,2,570,67,478,51,0.105180534,0.106694561,"CESC"
"TCGA-UC-A7PI",76,3,56,20,56,16,0.263157895,0.285714286,"CESC"
"TCGA-VS-A8EB",111,2,102,9,82,6,0.081081081,0.073170732,"CESC"
"TCGA-VS-A8EC",197,2,185,12,146,10,0.060913706,0.068493151,"CESC"
"TCGA-VS-A8EG",57,3,44,13,45,10,0.228070175,0.222222222,"CESC"
"TCGA-VS-A8EH",101,2,79,22,79,18,0.217821782,0.227848101,"CESC"
"TCGA-VS-A8EI",188,2,80,108,146,85,0.574468085,0.582191781,"CESC"
"TCGA-VS-A8EJ",198,3,163,35,142,24,0.176767677,0.169014085,"CESC"
"TCGA-VS-A8EL",492,2,456,36,383,30,0.073170732,0.078328982,"CESC"
"TCGA-VS-A8Q8",130,2,105,25,88,17,0.192307692,0.193181818,"CESC"
"TCGA-VS-A8Q9",72,2,65,7,51,5,0.097222222,0.098039216,"CESC"
"TCGA-VS-A8QC",216,3,136,80,165,56,0.37037037,0.339393939,"CESC"
"TCGA-VS-A8QF",173,3,102,71,132,56,0.410404624,0.424242424,"CESC"
"TCGA-VS-A94W",106,2,94,12,76,10,0.113207547,0.131578947,"CESC"
"TCGA-VS-A94X",434,2,388,46,313,30,0.105990783,0.095846645,"CESC"
"TCGA-VS-A94Z",980,2,464,516,760,419,0.526530612,0.551315789,"CESC"
"TCGA-VS-A952",186,3,165,21,135,17,0.112903226,0.125925926,"CESC"
"TCGA-VS-A954",146,2,126,20,107,15,0.136986301,0.140186916,"CESC"
"TCGA-VS-A957",97,3,45,52,67,35,0.536082474,0.52238806,"CESC"
"TCGA-VS-A958",1308,2,1081,227,935,176,0.173547401,0.188235294,"CESC"
"TCGA-VS-A9U5",135,2,110,25,98,21,0.185185185,0.214285714,"CESC"
"TCGA-VS-A9U6",637,2,578,59,496,43,0.092621664,0.086693548,"CESC"
"TCGA-VS-A9U7",261,3,215,46,181,28,0.176245211,0.154696133,"CESC"
"TCGA-VS-A9UA",287,3,180,107,208,72,0.3728223,0.346153846,"CESC"
"TCGA-VS-A9UB",159,2,151,8,112,7,0.050314465,0.0625,"CESC"
"TCGA-VS-A9UC",263,4,154,109,192,81,0.414448669,0.421875,"CESC"
"TCGA-VS-A9UD",274,2,258,16,210,12,0.058394161,0.057142857,"CESC"
"TCGA-VS-A9UI",213,2,160,53,168,40,0.248826291,0.238095238,"CESC"
"TCGA-VS-A9UJ",429,5,114,315,322,237,0.734265734,0.736024845,"CESC"
"TCGA-VS-A9UO",73,2,68,5,57,5,0.068493151,0.087719298,"CESC"
"TCGA-VS-A9UQ",42,3,31,11,26,8,0.261904762,0.307692308,"CESC"
"TCGA-VS-A9UR",180,2,140,40,121,30,0.222222222,0.247933884,"CESC"
"TCGA-VS-A9UT",48,2,44,4,35,3,0.083333333,0.085714286,"CESC"
"TCGA-VS-A9UY",183,2,135,48,135,40,0.262295082,0.296296296,"CESC"
"TCGA-VS-A9UZ",287,2,245,42,194,24,0.146341463,0.12371134,"CESC"
"TCGA-VS-A9V0",65,3,48,17,50,12,0.261538462,0.24,"CESC"
"TCGA-VS-A9V3",263,3,231,32,188,21,0.121673004,0.111702128,"CESC"
"TCGA-VS-A9V5",211,2,198,13,146,11,0.061611374,0.075342466,"CESC"
"TCGA-WL-A834",135,3,115,20,106,15,0.148148148,0.141509434,"CESC"
"TCGA-ZJ-A8QO",93,2,84,9,74,6,0.096774194,0.081081081,"CESC"
"TCGA-ZJ-AAX8",99,2,81,18,74,15,0.181818182,0.202702703,"CESC"
"TCGA-ZJ-AAXA",98,2,87,11,72,6,0.112244898,0.083333333,"CESC"
"TCGA-ZJ-AAXB",213,2,197,16,149,14,0.075117371,0.093959732,"CESC"
"TCGA-ZJ-AAXF",78,2,55,23,62,19,0.294871795,0.306451613,"CESC"
"TCGA-ZJ-AAXJ",143,3,123,20,112,17,0.13986014,0.151785714,"CESC"
"TCGA-ZJ-AAXN",80,3,65,15,60,12,0.1875,0.2,"CESC"
"TCGA-ZJ-AAXT",263,2,233,30,188,22,0.114068441,0.117021277,"CESC"
"TCGA-ZJ-AAXU",598,2,526,72,452,56,0.120401338,0.123893805,"CESC"
"TCGA-ZJ-AB0H",165,2,151,14,121,8,0.084848485,0.066115702,"CESC"
"TCGA-ZJ-AB0I",139,2,132,7,104,4,0.050359712,0.038461538,"CESC"
