"samplename","num_total_snv","num_Clusters","num_clonal_snv","num_subclonal_snv","Subclonal_fraction","cancer_type"
"01658141-8398-4585-9f0f-8355dd9b0604",20121,2,18418,1703,0.08463794,"BRCA"
"0448206f-3ade-4087-b1a9-4fb2d14e1367",17545,2,13877,3668,0.209062411,"BRCA"
"07b5141f-ac79-439b-883b-b0183bbe7ff5",8799,2,8154,645,0.073303785,"BRCA"
"097a7d36-905b-72be-e050-11ac0d482c9a",61120,3,24226,36894,0.603632199,"BRCA"
"110b5f05-ded7-45ec-b0f6-a941c92d77dd",8627,2,7247,1380,0.159962907,"BRCA"
"13c312ec-0add-4758-ab8d-c193e2e08c6d",2280,1,2280,0,0,"BRCA"
"13d05f7a-e16a-40ef-9a15-21257da2cf89",1622,2,1369,253,0.155980271,"BRCA"
"15f90ef0-831b-40a3-98bd-ec226a9e8b26",4077,3,3406,671,0.1645818,"BRCA"
"1bb3a1c7-4d7b-4fb6-b54d-e94cbd0e32aa",4807,1,4807,0,0,"BRCA"
"1c0e384f-7254-4afe-93c0-b3fc6c6a7894",21773,5,4782,16991,0.780370183,"BRCA"
"1eb62abc-7928-405b-84cc-f091ca5347b2",12792,2,7853,4939,0.386100688,"BRCA"
"207f8a42-5b05-4876-b0ae-ebfaeea27844",7684,2,7160,524,0.068193649,"BRCA"
"2290b078-6a5b-4c83-9dfb-b525bbf14e4e",5262,3,3963,1299,0.24686431,"BRCA"
"25c76a8f-77c0-4650-bddf-45ed0c10a2e6",6990,2,5956,1034,0.147925608,"BRCA"
"25e4cad7-2403-4992-9cbc-433574673549",2021,2,1648,373,0.184562098,"BRCA"
"27f87d1e-2c32-4beb-9677-62f7a286673d",3708,2,3270,438,0.118122977,"BRCA"
"2b000af3-2c9d-4eaa-af3f-8101b7425c37",3780,2,1194,2586,0.684126984,"BRCA"
"2c6f1862-bb82-4e7e-9cb3-338bdf022ff4",4140,3,2233,1907,0.460628019,"BRCA"
"2da2b745-068d-408c-9163-3b3a78d4aaed",1874,2,1408,466,0.248665955,"BRCA"
"30dbe353-86d5-40ed-84c2-dbddf7beb17b",1039,2,749,290,0.279114533,"BRCA"
"3585e133-b3c1-4d90-b5f2-2b867e0ae0ec",7610,2,6442,1168,0.15348226,"BRCA"
"36d1a85e-a09b-4537-86e0-eaf1eb03aed8",4888,2,4441,447,0.091448445,"BRCA"
"418e916b-7a4e-4fab-8616-15dcec4d79f8",8217,2,7577,640,0.077887307,"BRCA"
"41f140b8-72b9-4ae3-8b25-6144d9f94d0f",3668,2,2853,815,0.22219193,"BRCA"
"43f7a2e0-fec9-4e43-872d-18c6c946fa17",3035,2,2779,256,0.084349259,"BRCA"
"467ef778-f481-44f3-9768-b9900252d2ba",5481,2,4204,1277,0.232986681,"BRCA"
"47312f61-5ef4-4f25-9320-8fbb4758790e",8890,2,8385,505,0.056805399,"BRCA"
"47b5d831-5287-4f62-b17a-6e5eff2e4184",2677,2,2205,472,0.176316773,"BRCA"
"4d409156-3a36-4c63-9ad6-b6af34f27b06",5059,2,3906,1153,0.227910654,"BRCA"
"4e84eed6-82a8-4e91-b0fd-61ec6ef69ce9",3740,2,3179,561,0.15,"BRCA"
"546b982f-60d9-43df-9761-09369afbee2d",2219,2,1777,442,0.199188824,"BRCA"
"5a535c49-d42e-43c6-9d32-dc76f28d4f0f",1783,2,1332,451,0.252944476,"BRCA"
"5b7d5767-2037-4175-aec9-886776343181",6024,2,5142,882,0.146414343,"BRCA"
"5dbf3203-ce73-41e4-bf9a-32fc856f73f5",15294,2,9234,6060,0.396233817,"BRCA"
"6764e0a2-7a78-45c1-9189-6001c6518ce4",11709,2,8418,3291,0.281065847,"BRCA"
"6c65cb6d-8c50-4c7c-bc84-eeebe09fbe01",3748,3,2632,1116,0.297758805,"BRCA"
"6c8e9197-fd16-4fed-bfda-e349cab26314",7567,2,7119,448,0.05920444,"BRCA"
"6d7f44df-e9f0-4542-a6d8-d14ee7804002",1869,2,1718,151,0.080791867,"BRCA"
"6dbc5c31-043b-40e9-bf1a-e7b4ec351b4d",4701,1,4701,0,0,"BRCA"
"6e839eaf-1dbb-43f5-8846-c980e05540c7",10855,2,7534,3321,0.305941962,"BRCA"
"71fda5a9-7049-406f-9348-2c24f7ddf5f4",8425,2,6843,1582,0.187774481,"BRCA"
"73936e8b-c893-4afd-bd1f-be90c06a4869",3449,2,3164,285,0.082632647,"BRCA"
"74039acd-5aca-4c65-818c-3b577d295be0",3322,2,3008,314,0.094521373,"BRCA"
"7456abd5-303e-4e6f-bf4e-47efefc7310f",3481,2,3225,256,0.073542086,"BRCA"
"74b57d2c-a83f-4798-b86b-a533975e4cc0",7785,2,7392,393,0.050481696,"BRCA"
"7b08e810-f3c9-4155-ac11-f45a3a4f8b41",8436,2,7656,780,0.092460882,"BRCA"
"7b0b60c7-5fa0-440e-937f-8d82119330d6",2898,3,2362,536,0.184955141,"BRCA"
"7cdbe0e8-f614-4f54-b864-fd6b39e8ef1c",15328,3,10932,4396,0.286795407,"BRCA"
"84c77098-03d0-4b22-afb1-797703e85c6c",9526,2,8968,558,0.058576527,"BRCA"
"8691c87f-2468-44bb-a670-3dccd6da33c6",13071,2,11550,1521,0.116364471,"BRCA"
"8e03e773-5557-4e78-889b-4710c515378f",7858,3,5875,1983,0.252354289,"BRCA"
"8f558713-f32b-403b-aedf-c79efeb41c67",2827,2,2032,795,0.281216838,"BRCA"
"9032b7fe-e38a-4641-a45e-67041668adc4",7018,2,5424,1594,0.227130237,"BRCA"
"97064332-1d4f-4571-93ff-354ffe6d7df9",4123,2,3374,749,0.181663837,"BRCA"
"987528ac-437a-4eb8-a335-4f2076d5c006",13880,2,12278,1602,0.115417867,"BRCA"
"987d41ee-6bab-490c-b0f2-bf28c0089de9",13796,2,11102,2694,0.195273992,"BRCA"
"98bb3025-0637-4106-8621-12df7b5d662f",40947,2,37121,3826,0.093437859,"BRCA"
"9c70688d-6e43-4520-9262-eaae4e4d597d",3622,3,2938,684,0.188845941,"BRCA"
"9ddf2119-a222-4fa5-a9f3-0bec7eeea36b",15199,3,10515,4684,0.30817817,"BRCA"
"a6c14ebc-81a2-44f7-af87-2b7ec85e5696",4168,2,3560,608,0.145873321,"BRCA"
"a85cf239-ff51-46e7-9b88-4c2cb49c66b9",10185,2,8915,1270,0.124693176,"BRCA"
"a876398c-5b1d-444f-a360-5fe2db697480",11003,4,5907,5096,0.463146415,"BRCA"
"aa58c09a-7799-4675-8310-d270224b163e",1885,3,1642,243,0.128912467,"BRCA"
"aacaba97-ecde-440b-aae0-0e9c608c4b24",3357,2,2935,422,0.125707477,"BRCA"
"b27d75ba-5989-4200-bfe9-f1b7d7cf8008",9471,2,5550,3921,0.414000634,"BRCA"
"b752b444-f033-4be4-9d24-e5e80b4181af",7830,2,7386,444,0.056704981,"BRCA"
"c61ded54-f80e-4da8-b1d8-e22551c96118",4138,3,2313,1825,0.441034316,"BRCA"
"c67409b2-ac25-42a0-8543-4636ef132fe4",3225,2,2505,720,0.223255814,"BRCA"
"cc4f9175-a8c8-424a-99d7-8bd11cae0e52",7004,2,6104,900,0.128498001,"BRCA"
"d5372745-95cf-4572-a6e7-e7f5b796911a",6311,2,5966,345,0.054666455,"BRCA"
"d8c6d4b8-f279-4edc-aaa3-a1cc266aec4d",11469,2,10547,922,0.080390618,"BRCA"
"d8fbb398-d1da-4444-984a-22c8523625da",13899,2,11562,2337,0.168141593,"BRCA"
"dabb5a94-9706-4429-8db0-c328e2004340",2842,2,2660,182,0.064039409,"BRCA"
"db45d81f-695c-4f99-beea-6dbec1ff47fc",20315,1,20315,0,0,"BRCA"
"ddc7377d-82c3-480a-be3c-3d1da52c77d4",29515,2,27957,1558,0.052786719,"BRCA"
"df291849-4c35-44e1-b013-8f6b7ee36113",5815,3,4151,1664,0.286156492,"BRCA"
"e5593865-5f8e-4a4c-b36f-73fbe64d66da",3979,3,2672,1307,0.328474491,"BRCA"
"e55f338f-97e2-4394-ae23-c92606069485",2240,2,2112,128,0.057142857,"BRCA"
"e7dc7492-3a84-49c7-8dea-8f508b53dc40",2564,2,2414,150,0.05850234,"BRCA"
"e8392f20-c9e3-4649-b64f-5b266c393a76",3203,2,2982,221,0.068997815,"BRCA"
"ea43434b-197e-48ac-ae2e-46bc7f3776de",17197,2,14525,2672,0.155375938,"BRCA"
"ec4d4cbc-d5d1-418d-a292-cad9576624fd",2496,2,2073,423,0.169471154,"BRCA"
"eddfbfb9-3ae8-449b-b870-46062a2571c1",7735,2,6559,1176,0.152036199,"BRCA"
"f221cbb5-eefa-187f-e040-11ac0c481708",9675,2,8573,1102,0.113901809,"BRCA"
"f393ba16-9361-5df4-e040-11ac0d4844e8",1915,2,1626,289,0.150913838,"BRCA"
"f393baf9-2710-9203-e040-11ac0d484504",5728,2,5286,442,0.077164804,"BRCA"
"f393bafd-1baa-e5f4-e040-11ac0d48450b",5543,4,4513,1030,0.185819953,"BRCA"
"f393bafe-7503-5c45-e040-11ac0d484511",11100,2,10473,627,0.056486486,"BRCA"
"f393bafe-c99f-3725-e040-11ac0d484514",4752,2,4433,319,0.06712963,"BRCA"
"f393bb00-888d-710f-e040-11ac0d484518",10202,3,7829,2373,0.232601451,"BRCA"
"f393bb01-6ed7-9533-e040-11ac0d484521",6550,2,4516,2034,0.310534351,"BRCA"
"f393bb05-53c2-f80a-e040-11ac0d484528",3009,2,2821,188,0.062479229,"BRCA"
"f393bb05-c737-4cc3-e040-11ac0d48452a",1940,2,1602,338,0.174226804,"BRCA"
"f393bb05-ec1c-17be-e040-11ac0d48452f",5381,2,4765,616,0.114476863,"BRCA"
"f393bb07-270c-2c93-e040-11ac0d484533",8364,2,6404,1960,0.234337637,"BRCA"
"f393bb08-4121-cad8-e040-11ac0d484535",9551,2,8884,667,0.069835619,"BRCA"
"f393bb08-5b50-e009-e040-11ac0d484537",5351,1,5351,0,0,"BRCA"
"f393bb0a-9b20-a0e5-e040-11ac0d48454e",4440,2,4177,263,0.059234234,"BRCA"
"f393bb0a-df7d-645c-e040-11ac0d484550",6711,1,6711,0,0,"BRCA"
"f393bb0b-08ed-3335-e040-11ac0d484554",10044,2,8588,1456,0.144962166,"BRCA"
"f393bb0c-3ffa-cb72-e040-11ac0d48455c",2209,1,2209,0,0,"BRCA"
"f393bb0c-4178-ca4a-e040-11ac0d48455f",1977,1,1977,0,0,"BRCA"
"f393cfd8-ddbb-a0e1-e040-11ac0d48516b",1565,2,1222,343,0.219169329,"BRCA"
"f39cc911-36a7-4c06-9e91-4ad86281db3d",3584,2,3346,238,0.06640625,"BRCA"
"f6114c69-71a1-47d5-9b28-b0227b1872f7",4497,2,2744,1753,0.389815433,"BRCA"
"f69e5057-eda6-4391-ba9a-aedbf6b572da",10423,2,9701,722,0.069269884,"BRCA"
"f7b847e5-0f5d-69b4-e040-11ac0c4845fe",1933,2,1754,179,0.092602173,"BRCA"
"f7b84b5d-8f28-e6b7-e040-11ac0c484704",2311,2,1639,672,0.290783211,"BRCA"
"f7b84bac-f161-9eee-e040-11ac0c4847ed",3729,2,3425,304,0.081523197,"BRCA"
"f7b84c09-15d4-3046-e040-11ac0c4847ff",1381,2,1254,127,0.091962346,"BRCA"
"f7c6486a-bb08-f77a-e040-11ac0c482953",1691,2,1481,210,0.124186872,"BRCA"
"f7c6a336-3126-7580-e040-11ac0c485971",2468,2,2146,322,0.130470016,"BRCA"
"f7c7373c-1972-4968-e040-11ac0d486e80",51777,1,51777,0,0,"BRCA"
"f7d128d2-3964-e3bc-e040-11ac0d481667",2123,2,1938,185,0.087140838,"BRCA"
"f7d70fac-c76f-399e-e040-11ac0c482f9c",2694,2,2074,620,0.230141054,"BRCA"
"f7d77a03-28a0-f446-e040-11ac0c4866fb",1916,2,1653,263,0.137265136,"BRCA"
"f7d7b3db-02af-61cb-e040-11ac0c480c03",2933,2,2016,917,0.312649165,"BRCA"
"f7e4a2a8-093d-9e36-e040-11ac0d480c7d",4565,2,4103,462,0.101204819,"BRCA"
"f7e7b258-b4b2-e6c5-e040-11ac0d486773",6419,2,4015,2404,0.374513164,"BRCA"
"f7e7d61f-e2dc-b523-e040-11ac0c482000",1872,2,1639,233,0.124465812,"BRCA"
"f7ed28a6-8f5f-e87b-e040-11ac0c48120e",2157,2,2026,131,0.060732499,"BRCA"
"f7f3e156-0dde-72b9-e040-11ac0d48542c",8556,2,5256,3300,0.38569425,"BRCA"
"f7f66114-e321-1d4c-e040-11ac0d48541a",1081,3,831,250,0.231267345,"BRCA"
"f7f6619b-fae8-3381-e040-11ac0c483f78",1755,2,1633,122,0.06951567,"BRCA"
"f7fdda4f-7bf7-ede7-e040-11ac0c486e57",1068,2,970,98,0.0917603,"BRCA"
"f80293b8-ddb7-f575-e040-11ac0d48309d",1597,2,1332,265,0.16593613,"BRCA"
"f809247c-2bab-ab06-e040-11ac0d482b8a",1750,2,1287,463,0.264571429,"BRCA"
"f848b66f-bd9e-4fba-afd4-eb58848d1ef4",9631,3,7128,2503,0.259889939,"BRCA"
"f8f749b7-547d-49fa-9da2-44eed962b6fd",8887,2,7798,1089,0.122538539,"BRCA"
"f9f04e42-63a2-4ee1-ade4-9e5bb5c20cdd",2392,2,2171,221,0.092391304,"BRCA"
"fb9135d9-2acf-41dd-8552-359e6b8c9470",11159,2,8873,2286,0.204857066,"BRCA"
"fc447d4f-2532-c8ea-e040-11ac0c48469f",9456,2,5369,4087,0.432212352,"BRCA"
"fc447d51-cdc2-a180-e040-11ac0c4846a4",4826,2,4428,398,0.082469954,"BRCA"
"fc447d53-24d1-c83d-e040-11ac0c4846a6",3022,2,2453,569,0.188285903,"BRCA"
"fc447d55-95d8-0b34-e040-11ac0d483afa",4188,1,4188,0,0,"BRCA"
"fc447d56-0d53-e0c3-e040-11ac0c4846a8",10255,2,9623,632,0.061628474,"BRCA"
"fc5dc6d8-62d2-76d8-e040-11ac0d4863c3",5832,2,4753,1079,0.185013717,"BRCA"
"fc639186-8302-798e-e040-11ac0c484cec",4285,2,3707,578,0.134889148,"BRCA"
"fc63cbab-d27a-5ebb-e040-11ac0c48724f",8515,3,6774,1741,0.204462713,"BRCA"
"fc68c24d-47ad-7961-e040-11ac0c48595c",6206,2,3287,2919,0.470351273,"BRCA"
"fc68e599-6a40-61dc-e040-11ac0d48700d",8590,5,5102,3488,0.406053551,"BRCA"
"fc6d77a9-121b-48ab-a899-713c3d1319a2",7523,2,6831,692,0.091984581,"BRCA"
"fc78685a-7053-152a-e040-11ac0c480ded",2771,1,2771,0,0,"BRCA"
"fc7eb420-5c13-20bd-e040-11ac0d484574",6048,2,4952,1096,0.181216931,"BRCA"
"fc7f8eeb-9c40-123e-e040-11ac0c484061",7609,2,6446,1163,0.152845315,"BRCA"
"fc806c50-2f6e-418d-e040-11ac0d485f01",6392,1,6392,0,0,"BRCA"
"fc8130df-18fe-c74d-e040-11ac0d485df2",1550,3,1372,178,0.11483871,"BRCA"
"fc8130df-1bc2-c537-e040-11ac0d485de6",2981,2,2457,524,0.17577994,"BRCA"
"fc8130df-1cdd-cade-e040-11ac0d485dec",1624,2,1385,239,0.147167488,"BRCA"
"fc8130df-1e8f-c879-e040-11ac0d485df4",1771,2,938,833,0.470355731,"BRCA"
"fc8130df-1f21-c8f9-e040-11ac0d485dfc",2302,2,2118,184,0.079930495,"BRCA"
"fc8130df-2211-cfcc-e040-11ac0d485dde",5613,2,5161,452,0.080527347,"BRCA"
"fc8130df-24d9-32f1-e040-11ac0d485df0",2522,3,2137,385,0.152656622,"BRCA"
"fc8130df-2628-304a-e040-11ac0d485dfa",1850,2,1678,172,0.092972973,"BRCA"
"fc8130df-297f-34a3-e040-11ac0d485e02",1891,2,1678,213,0.112638815,"BRCA"
"fc8130df-2ca4-39d2-e040-11ac0d485e00",1366,2,1250,116,0.084919473,"BRCA"
"fc8130df-2d5f-3b53-e040-11ac0d485dee",5314,2,4259,1055,0.198532179,"BRCA"
"fc8130df-2e39-3814-e040-11ac0d485de0",2810,3,1984,826,0.293950178,"BRCA"
"fc8130df-30a5-3e6a-e040-11ac0d485de2",7564,2,6939,625,0.082628239,"BRCA"
"fc8130df-3147-3e94-e040-11ac0d485df8",1612,2,1236,376,0.23325062,"BRCA"
"fc8130df-3225-3f96-e040-11ac0d485dfe",11829,2,10169,1660,0.14033308,"BRCA"
"fc8130df-3361-3c8a-e040-11ac0d485dea",2211,3,1508,703,0.317955676,"BRCA"
"fc8130df-34f8-22c6-e040-11ac0d485de8",1859,2,1766,93,0.050026896,"BRCA"
"fc8130df-35ac-2304-e040-11ac0d485dda",3955,3,3143,812,0.205309735,"BRCA"
"fc8130df-6860-7677-e040-11ac0d485ddc",7169,2,6701,468,0.065281071,"BRCA"
"fc8130df-6977-7704-e040-11ac0d485de4",2669,2,2375,294,0.110153616,"BRCA"
"fc8130df-6bec-7627-e040-11ac0d485e04",6387,2,5933,454,0.071081885,"BRCA"
"fc8130df-897d-5404-e040-11ac0d485e0a",1590,2,1239,351,0.220754717,"BRCA"
"fc8130df-8e4e-586b-e040-11ac0d485e08",2644,1,2644,0,0,"BRCA"
"fc8130df-8ec8-5b1e-e040-11ac0d485e06",22294,3,19652,2642,0.118507222,"BRCA"
"fc8130df-90ba-5d94-e040-11ac0d485e0c",8695,2,5320,3375,0.388154112,"BRCA"
"fc8130df-e399-e34d-e040-11ac0c483279",7875,1,7875,0,0,"BRCA"
"fc8130e0-08dd-b996-e040-11ac0c48327b",3190,2,2782,408,0.127899687,"BRCA"
"fc8130e0-095f-b953-e040-11ac0c483287",1705,2,1148,557,0.326686217,"BRCA"
"fc8130e0-096a-b991-e040-11ac0c48327d",33987,2,16314,17673,0.519992938,"BRCA"
"fc8130e0-09f1-b964-e040-11ac0c48326e",2708,1,2708,0,0,"BRCA"
"fc8130e0-0b9c-bbc9-e040-11ac0c483266",2236,3,1573,663,0.296511628,"BRCA"
"fc8130e0-0bc1-bba7-e040-11ac0c483289",1793,1,1793,0,0,"BRCA"
"fc8130e0-0bfa-bba4-e040-11ac0c48328d",1930,2,1723,207,0.107253886,"BRCA"
"fc8130e0-0c53-b432-e040-11ac0c483283",1233,2,1085,148,0.120032441,"BRCA"
"fc8130e0-0d25-b475-e040-11ac0c483277",1367,2,1254,113,0.082662765,"BRCA"
"fc8130e0-0db6-b568-e040-11ac0c483281",1467,2,621,846,0.576687117,"BRCA"
"fc8130e0-0dcf-b558-e040-11ac0c483285",2397,2,1851,546,0.227784731,"BRCA"
"fc8130e0-0e1f-b54d-e040-11ac0c48326c",5666,1,5666,0,0,"BRCA"
"fc8130e0-0f1a-b6eb-e040-11ac0c48328f",7885,2,7465,420,0.053265694,"BRCA"
"fc8130e0-0fde-b756-e040-11ac0c48328b",2357,1,2357,0,0,"BRCA"
"fc8130e0-a38a-23b9-e040-11ac0c48327f",9748,2,8567,1181,0.121153057,"BRCA"
"fc8130e0-a39a-23b5-e040-11ac0c483270",1360,2,1281,79,0.058088235,"BRCA"
"fc8130e0-a538-dda3-e040-11ac0c483264",5270,2,4431,839,0.159203036,"BRCA"
"fc8130e0-a539-dda8-e040-11ac0c48326a",4629,2,4309,320,0.069129402,"BRCA"
"fc8130e0-a774-d834-e040-11ac0c483268",3454,3,2114,1340,0.387955993,"BRCA"
"fc8130e0-a8b4-d80d-e040-11ac0c483272",4044,1,4044,0,0,"BRCA"
"fc8130e0-a94d-d9d0-e040-11ac0c483262",1877,2,1444,433,0.230687267,"BRCA"
"fc8130e0-ad63-b804-e040-11ac0d485e10",1641,2,1160,481,0.293113955,"BRCA"
"fc8130e0-ad66-b82e-e040-11ac0d485e0e",1676,1,1676,0,0,"BRCA"
"fc8130e0-ad8a-b832-e040-11ac0d485e14",2595,2,2294,301,0.115992293,"BRCA"
"fc8130e0-aed2-bb2f-e040-11ac0d485e12",2117,2,1709,408,0.192725555,"BRCA"
"fc8130e2-f2ef-d096-e040-11ac0c483293",2523,2,1676,847,0.335711455,"BRCA"
"fc8130e3-01ba-c740-e040-11ac0c483291",9382,2,8766,616,0.065657642,"BRCA"
"fc8130e3-023d-c7d4-e040-11ac0c483295",7239,4,5375,1864,0.257494129,"BRCA"
"fc8130e5-18b8-ef38-e040-11ac0c483297",3978,2,2737,1241,0.311965812,"BRCA"
"fc81312a-99ae-7672-e040-11ac0c4832a2",2747,1,2747,0,0,"BRCA"
"fc81312a-d451-38fb-e040-11ac0c4832a4",2434,1,2434,0,0,"BRCA"
"fc813235-5ed8-7695-e040-11ac0d485e3e",9757,1,9757,0,0,"BRCA"
"fc8edf46-2005-1af4-e040-11ac0d481414",2364,1,2364,0,0,"BRCA"
"fc93b9ab-760a-5223-e040-11ac0c482177",8060,2,7573,487,0.060421836,"BRCA"
"fc9dbf68-4599-3c64-e040-11ac0d481623",3477,2,3078,399,0.114754098,"BRCA"
"fc9ef456-75a2-5967-e040-11ac0c484477",2636,1,2636,0,0,"BRCA"
"fc9f6916-da31-ab17-e040-11ac0c4808f3",7017,2,6657,360,0.051303976,"BRCA"
"fc9f6cb0-ceb9-790d-e040-11ac0c480ad1",8869,2,7549,1320,0.148833014,"BRCA"
"fca07e09-1fd2-9ef5-e040-11ac0d485bbd",10953,3,8883,2070,0.188989318,"BRCA"
"fca3f7d0-2231-661c-e040-11ac0c4832fd",7499,2,6469,1030,0.137351647,"BRCA"
"fca6150f-d555-a29e-e040-11ac0d4873b2",4755,2,3779,976,0.205257624,"BRCA"
"fe04d042-a4cc-4a14-8197-415ea40951aa",21561,3,17835,3726,0.172812022,"BRCA"
