"samplename","num_total_snv","num_Clusters","num_clonal_snv","num_subclonal_snv","Subclonal_fraction","cancer_type"
"0250e6f7-2538-4d1f-a8ff-ca34a7057dde",29298,1,29298,0,0,"ESAD"
"09497b9b-6fca-48cb-af97-161a3e434a51",9508,1,9508,0,0,"ESAD"
"0e872e0d-4711-4364-a5d0-6beeb6fd3ff2",38509,2,27553,10956,0.284504921,"ESAD"
"0ef92ff8-829f-425a-91d8-c594b6e22a2b",15439,2,10708,4731,0.306431764,"ESAD"
"0efb6e20-236d-4640-9373-6fc03e67d090",54,2,51,3,0.055555556,"ESAD"
"134c9a92-e91e-4347-a9c4-727279edebb1",61263,2,59944,1319,0.021530124,"ESAD"
"15e7d981-8c27-4b2b-b4f8-626e22021895",23968,2,21795,2173,0.09066255,"ESAD"
"1bb2bdb7-8a89-4e7d-903d-03a6f8018efb",10413,2,9828,585,0.056179775,"ESAD"
"1f967003-82d6-4932-a445-24fc25723594",13110,2,10494,2616,0.199542334,"ESAD"
"23fa90d5-b273-4e2c-9c88-68aa57b60e97",6911,2,2789,4122,0.596440457,"ESAD"
"25c99312-bf63-4654-a73a-03c3c1cd50b6",5577,1,5577,0,0,"ESAD"
"27b56bf2-7a9d-4061-98d4-61fe2761578c",41920,2,38571,3349,0.079890267,"ESAD"
"28e81540-4744-4865-b627-c7c9d8a3c2b8",12476,1,12476,0,0,"ESAD"
"293a2f0a-4846-4c7c-b8b1-bb741c8d3275",76462,2,69523,6939,0.090750961,"ESAD"
"2b41746a-95c0-4875-afb5-c6d3d3ad30d9",25487,2,19647,5840,0.229136422,"ESAD"
"2e69c886-535b-4ff0-9236-abf6799acdbd",20490,1,20490,0,0,"ESAD"
"31f3ff14-7d74-447c-a5da-9ad8336c3f3f",30489,1,30489,0,0,"ESAD"
"33992441-4f34-42f2-ba87-6ddd227f2250",8129,2,7529,600,0.073809817,"ESAD"
"35dc84c1-476c-4d48-ae23-622bf6e043ac",32753,2,28398,4355,0.132964919,"ESAD"
"35eb6ecf-9514-4416-94b1-02200c0a1571",17179,2,15620,1559,0.090750335,"ESAD"
"36680797-36de-413d-b2a1-8804ac1705e9",12736,1,12736,0,0,"ESAD"
"371235d9-55b8-40a7-8cd6-baa7c2ad0493",27329,2,25632,1697,0.06209521,"ESAD"
"384ef419-ee94-4563-9237-236fddeb4b64",10145,1,10145,0,0,"ESAD"
"3a18aa52-b6e2-4d03-ad05-ef99d653f0e0",3093,1,3093,0,0,"ESAD"
"3a551616-4840-4111-a8c5-b4aa773d82c2",11115,2,9303,1812,0.163022942,"ESAD"
"3b590d75-ccfb-4da8-a2e9-10fb07e02cea",32239,2,30462,1777,0.055119576,"ESAD"
"3bb4c27b-4d0d-4d13-b910-41a9ebf95880",22674,2,20196,2478,0.109288171,"ESAD"
"3da169e8-844a-4eee-b794-a2eb81db779a",18466,2,8502,9964,0.539586267,"ESAD"
"3e6a17f9-c249-41b6-ba49-55aaa39d21c5",39989,2,37750,2239,0.055990397,"ESAD"
"42629ae0-9410-4fac-8df1-2c276467deb5",44625,2,42196,2429,0.054431373,"ESAD"
"4283773c-c04b-4f33-a398-f3566f6d293a",37439,2,30705,6734,0.179865915,"ESAD"
"47874ff4-0b1c-4a31-9192-2a10e93ce9a1",18400,2,17100,1300,0.070652174,"ESAD"
"48a0da38-8147-40fe-b683-3f070413a792",18142,1,18142,0,0,"ESAD"
"526b3796-2cbd-4eec-8273-064b41456279",14041,3,3566,10475,0.746029485,"ESAD"
"532bec86-b8d3-41a1-ba17-913a7d378f66",30614,2,25858,4756,0.15535376,"ESAD"
"569393c8-e2fe-4580-a45b-81f1b1e01135",38661,2,36612,2049,0.052999146,"ESAD"
"5fd632ea-085e-4e9b-8dcc-ec94e492d3bf",16796,2,15802,994,0.059180757,"ESAD"
"60525b38-c34b-479b-86d3-013c7e567b8f",74803,2,66893,7910,0.105744422,"ESAD"
"64623aaa-a274-4baa-8b71-958d9c8df733",53052,2,35111,17941,0.338177637,"ESAD"
"6495e68e-1434-45d3-a03d-f286447dda79",19583,2,14080,5503,0.281009038,"ESAD"
"69c3c88c-d51e-4e03-b96b-ec4f1a0faa2d",16170,3,12067,4103,0.253741497,"ESAD"
"6a0d0c42-1884-4c6a-936a-678a822c0936",37577,2,31506,6071,0.161561594,"ESAD"
"708e21ac-f529-4461-bc4f-d3a194a92b80",8828,1,8828,0,0,"ESAD"
"77c022d3-2f29-49d3-a1df-cc2e9407fd7f",7876,3,5614,2262,0.287201625,"ESAD"
"7866dfb2-46b3-42b4-905b-12f80593d6bd",12917,2,11662,1255,0.097158783,"ESAD"
"7a4f6014-f7a2-459b-bc43-df164e73cbba",20794,2,18375,2419,0.116331634,"ESAD"
"7adcea71-1aed-450c-b0ff-b9d9820c6153",17158,2,16158,1000,0.058281851,"ESAD"
"7c5c2293-3f40-4ae3-8346-6a327b2abf4d",70149,2,59698,10451,0.148982879,"ESAD"
"7d2da7ba-f57c-4083-9572-6fa98008083b",19673,2,18070,1603,0.081482235,"ESAD"
"7f94d650-41b9-4664-bcde-dc8533e4602d",41571,2,36348,5223,0.125640471,"ESAD"
"8e48aa43-6cd1-4aef-83ce-2451b1b86e8e",27701,2,25223,2478,0.089455254,"ESAD"
"8ff9b1b6-a498-47fe-a970-ab7cfb64e653",42541,2,36417,6124,0.143955243,"ESAD"
"9258860c-a336-4075-996d-2ee0c18b281c",24457,1,24457,0,0,"ESAD"
"926a04de-ef57-4271-91db-e90de8aa8a1a",29751,2,26043,3708,0.124634466,"ESAD"
"96a2896c-1e32-4827-a526-6b7104832f9a",38736,1,38736,0,0,"ESAD"
"9749a9a5-cb7f-4038-a5f9-5e2d6b97c689",12890,2,7723,5167,0.400853375,"ESAD"
"9ae33a63-6b1a-43bf-9205-463c867bcbc4",23583,2,22089,1494,0.063350719,"ESAD"
"9ba6be6d-2032-444b-ab3c-dbee8023759d",13163,1,13163,0,0,"ESAD"
"9bb9164e-ea1b-49ab-bbcc-f59cf8c32345",6116,2,5480,636,0.103989536,"ESAD"
"9c00828e-e9ae-4b9c-959e-34837ee2b230",17470,2,16486,984,0.056325129,"ESAD"
"9de495d1-55b2-4535-9b0a-a999df35977c",16535,2,13833,2702,0.163410946,"ESAD"
"a08c196e-4f96-4b16-94b4-aa6a0153ac50",56337,2,40413,15924,0.282656158,"ESAD"
"a1e3dc5b-b81f-4890-870c-ed3b8ac36dec",6428,1,6428,0,0,"ESAD"
"a284fe9d-9afd-4472-8d70-243ca9be5c2c",32511,2,30027,2484,0.076404909,"ESAD"
"a37a825c-d74e-46cc-92ef-b65016857b4a",24511,2,22531,1980,0.080780058,"ESAD"
"a92023de-5c97-4bf2-aa3c-0e768d7c5ece",100929,2,87438,13491,0.133668222,"ESAD"
"abe290ed-67c8-42bb-84f7-0d32a5f8f3db",13854,2,8775,5079,0.366608922,"ESAD"
"ad4aa4dc-bea4-4f4a-8b1b-8f361112f84f",14538,2,13409,1129,0.07765855,"ESAD"
"b02b4bba-6e66-44fb-a48f-38c309aaaac5",16822,2,11590,5232,0.311021282,"ESAD"
"b53dcb4d-f894-47b8-8a4e-17c7998d8120",37008,2,33944,3064,0.08279291,"ESAD"
"b757a040-3c9e-45e7-a045-9cd08db11d62",50094,1,50094,0,0,"ESAD"
"b8f3137e-5e92-4a56-90d4-884a4ed2ef9c",9163,2,8458,705,0.076939867,"ESAD"
"b9bcba3a-c9be-4305-b5f4-c861282921e0",21652,2,20065,1587,0.073295769,"ESAD"
"ba096d4f-5a6c-4c31-ae03-e7483cf58c38",10338,1,10338,0,0,"ESAD"
"bb5bedd3-d8fc-4739-8e6b-9e37223f8be2",17632,2,16567,1065,0.060401543,"ESAD"
"c971ffa7-ce37-4138-b028-598a30478e25",5874,2,2589,3285,0.559244127,"ESAD"
"c9f91ded-3b04-4cd1-8ea6-bbc635a8a4f0",116194,2,107586,8608,0.074082999,"ESAD"
"cb381d49-4546-400c-af02-f877083caa0a",23604,2,17018,6586,0.279020505,"ESAD"
"cb753e6f-5ea3-4b58-9db3-7a62d15c8b2e",23760,2,18770,4990,0.210016835,"ESAD"
"ce799e7b-30e7-44a5-a185-3e50d5e059ef",9694,2,9208,486,0.050134104,"ESAD"
"d1842491-29ff-4801-8c8a-4d619f749dd1",23540,1,23540,0,0,"ESAD"
"d4cf11be-3bd7-403b-9722-91d8e8761e4d",20453,2,14403,6050,0.295800127,"ESAD"
"d707940e-0f9d-4da3-9380-90a422e44efd",22831,2,21678,1153,0.050501511,"ESAD"
"da910f22-126e-41dc-be6b-47c8f69ad106",54530,3,42737,11793,0.216266275,"ESAD"
"dd7d623b-b9af-4147-9aa6-e09793691f10",27755,2,26239,1516,0.054620789,"ESAD"
"de581588-be15-4bf4-95d1-aa5478b53ab6",10843,2,10271,572,0.052752928,"ESAD"
"ded8b673-53df-4038-a375-7cd0fd2a1b9f",13990,2,13023,967,0.069120801,"ESAD"
"dfde4013-9062-42f5-a42b-626ef8334a41",31922,1,31922,0,0,"ESAD"
"e7a0889c-dd8c-4230-9c63-384f1f6ee577",18608,2,16926,1682,0.09039123,"ESAD"
"e91ab7da-79a6-4ea0-bc24-7aacb39f7614",33848,1,33848,0,0,"ESAD"
"e93b0979-65ef-4883-9b6e-39eb17966e66",10363,1,10363,0,0,"ESAD"
"eb1531b0-8af1-4b2b-9192-644cb47101fc",27718,2,26287,1431,0.051627102,"ESAD"
"ec474dfa-527c-44f3-9224-bf1c858cabfc",19043,1,19043,0,0,"ESAD"
"f0a33adc-ea90-46ef-a24a-a8d7e4e15db3",37515,1,37515,0,0,"ESAD"
"f2e639cc-c30c-459f-8afc-7ace7d0209c5",10944,2,9435,1509,0.137883772,"ESAD"
"f37de4fa-52f6-4fe4-a3fa-41803032c93f",33550,2,31729,1821,0.054277198,"ESAD"
"f48c3c82-bebe-4b8e-909e-e1a51a7142ec",25715,2,20487,5228,0.203305464,"ESAD"
"fab0be4b-c84a-45cd-a76f-44d9a8bf1846",18310,2,13823,4487,0.245057346,"ESAD"
