"samplename","num_total_snv","num_Clusters","num_clonal_snv","num_subclonal_snv","Subclonal_fraction","cancer_type"
"01b0848c-ae36-4ade-a3da-d297b003c99f",31807,2,15475,16332,0.513471877,"PACA"
"02c97e2b-914e-4afc-bf50-78f0cfbfa67b",3431,1,3431,0,0,"PACA"
"02e5c36f-5bec-45e2-a048-875653b85ca1",4746,3,3513,1233,0.259797724,"PACA"
"03c3c692-8a86-4843-85ae-e045f0fa6f88",16016,2,13115,2901,0.181131369,"PACA"
"046d7386-95c8-4501-9e55-c85bec272a7a",3558,2,3322,236,0.066329399,"PACA"
"05070acd-3ec1-44bb-9c32-26d3a483a72a",4283,2,3080,1203,0.280877889,"PACA"
"0554ffe5-31f7-43f5-8372-2b73c9cf3527",4890,2,3669,1221,0.249693252,"PACA"
"079bcb09-a075-4313-9a3e-dd67734a8c5d",7695,3,6324,1371,0.178167641,"PACA"
"0972bfcf-c6c6-48cc-b820-cdfa6279a4f3",7925,3,5570,2355,0.297160883,"PACA"
"09cb8bc5-13ac-44ac-9b7d-6de143373570",7180,2,5524,1656,0.230640669,"PACA"
"09e1fe3e-bfd8-4175-ac42-0e1bf0ba5523",5514,2,3702,1812,0.328618063,"PACA"
"0b29c893-03bf-4131-b192-c14a2788d411",17644,3,13671,3973,0.225175697,"PACA"
"0cf9bbc2-cbd5-4b64-8d90-cfa416307b39",10210,2,5753,4457,0.436532811,"PACA"
"0efee3f3-313b-44eb-b3b0-af975a1ded82",4777,5,2696,2081,0.435629056,"PACA"
"0fbd94b1-bb34-4620-841b-861a0b5e0c12",9071,2,5566,3505,0.386396208,"PACA"
"0fc63b79-7fff-441d-88fc-922d53c787ab",4855,1,4855,0,0,"PACA"
"1168944c-5451-4a18-8758-88bf5723bdd9",10529,2,9242,1287,0.12223383,"PACA"
"129459c1-38be-45da-bb87-18848c97c544",6898,2,2540,4358,0.631777327,"PACA"
"12f038e1-00af-4c64-a2e0-9e63323492ef",8709,2,7412,1297,0.148926398,"PACA"
"1327bbd4-a466-4e26-905f-cf91315f1cc8",4639,2,4276,363,0.078249623,"PACA"
"1447c8cb-25d4-4092-8919-4df08f898d2d",3641,2,3110,531,0.145839055,"PACA"
"170ad241-9e24-469b-b7ca-3fd783a89b21",6528,3,4672,1856,0.284313725,"PACA"
"1776f326-b12f-4355-8107-80fa6fcd2159",3781,2,2516,1265,0.334567575,"PACA"
"183b04f5-107f-496c-8e9a-8263dd00cffa",11823,2,11131,692,0.058529984,"PACA"
"1a0ef226-41a5-4b56-9078-4b7834f0c976",4119,2,3447,672,0.163146395,"PACA"
"1a841850-fca0-48ab-8c78-db0bd5a64435",8872,2,8397,475,0.053539225,"PACA"
"1ac54c6e-a1e4-4f3b-b4a5-cdb327e0dca6",3147,2,2956,191,0.060692723,"PACA"
"1b0fe1d5-b286-4f49-ae92-94d9c6db9657",3783,2,3278,505,0.133491938,"PACA"
"1c28e44a-6e6c-44ed-b58a-e3262c0e6759",4017,2,3674,343,0.085387105,"PACA"
"1c9fbe26-1447-4335-aaab-06d6bb3e2741",4103,2,3892,211,0.051425786,"PACA"
"1e181878-c640-4e91-a620-3fc4b08a4de1",6106,2,5618,488,0.079921389,"PACA"
"1f81a1b0-8089-44ef-87b5-b3359a407ad2",3098,1,3098,0,0,"PACA"
"20d1b88b-3ff6-4201-a748-6a993500c652",2139,2,2015,124,0.057971014,"PACA"
"2102558b-87b0-447b-bb9a-e4ae9df8b75e",6162,2,5823,339,0.055014606,"PACA"
"21b1a37f-e91e-4ce1-83cf-bb89b8d0fb35",3529,1,3529,0,0,"PACA"
"228fb827-c05e-494c-8a21-e1d925e100cb",4598,2,4063,535,0.116354937,"PACA"
"230f53ef-be3f-495e-9b95-b0f670bd6908",976,1,976,0,0,"PACA"
"241abdfd-e6de-4830-a233-4bbc5f622725",10434,2,8217,2217,0.212478436,"PACA"
"2564a262-03e8-467b-9ea2-f3ab38d75ae1",4635,3,3904,731,0.157713053,"PACA"
"25c32aca-6738-43ef-a103-243f2f9a3b43",4634,2,4270,364,0.078549849,"PACA"
"25cf7449-8c5b-403e-aa75-e2af158598e8",4520,3,3805,715,0.158185841,"PACA"
"28f41a20-b6d6-4ecc-888f-72f779ad9af7",5043,4,2968,2075,0.411461432,"PACA"
"29a00d78-b9bb-4c6b-b142-d5b8bfa63455",3874,2,3427,447,0.115384615,"PACA"
"2b3837b3-ee29-4a08-848e-1206404da986",4168,3,2919,1249,0.299664107,"PACA"
"2b6d4d66-7f0b-4bc0-b3d6-171956a937c5",3792,3,3157,635,0.167457806,"PACA"
"2bd9ccca-3fae-4b66-a762-6f30d6276222",4731,2,4465,266,0.0562249,"PACA"
"2bf5b018-9f19-4fbd-9e1f-7d958aabe5d1",14440,2,7650,6790,0.470221607,"PACA"
"2c48eefe-2a08-47bf-8e4d-cbaab6777150",2536,3,2060,476,0.187697161,"PACA"
"2e43e0ca-54ea-482e-acf2-0048d9187a5c",6326,2,5267,1059,0.167404363,"PACA"
"2fdfb06c-0d2f-4e1d-9756-bcb08a7f90af",3826,1,3826,0,0,"PACA"
"31c75873-abb4-4d88-9e2f-07497a6c892d",10709,2,7041,3668,0.342515641,"PACA"
"32fa6457-c8bd-4d26-8106-925baf13df68",3815,3,3309,506,0.132634338,"PACA"
"33061bf5-9b99-4735-a810-f2d5eeef6873",3067,2,2548,519,0.169220737,"PACA"
"33070975-0f35-4518-9ffb-4c6170c32534",5063,1,5063,0,0,"PACA"
"33bcd589-80db-4a58-8f83-a48cb60e0fda",3142,2,2981,161,0.051241248,"PACA"
"368e592d-260c-4f58-81c4-a9f1e6177a4b",6565,2,6088,477,0.072658035,"PACA"
"3933c60d-73d6-4f74-ae02-fd545fc1f092",6581,2,6063,518,0.078711442,"PACA"
"39c6c3b3-4683-4d11-984c-ed589188da65",7644,3,5560,2084,0.27263213,"PACA"
"39d38c06-3779-4ca4-b103-1d096f93dae8",3781,3,3187,594,0.157101296,"PACA"
"3b526846-72d6-4e10-b7cd-8cdb45a92a1c",8735,2,8176,559,0.063995421,"PACA"
"3bfbc33d-804b-4bb3-97ac-97563d77b13d",4235,2,3297,938,0.221487603,"PACA"
"3c86ba21-7b11-4ec7-9d20-a2325197c676",9590,2,8433,1157,0.120646507,"PACA"
"3e4d0e50-8cf4-4eb0-a00a-ccf0484ecc2f",2492,1,2492,0,0,"PACA"
"3ed783cf-2248-44a1-a2a2-d6b6519b91ef",9412,2,8873,539,0.057267318,"PACA"
"3fb8f017-576f-4901-b8bf-3a58e5d43de3",2141,1,2141,0,0,"PACA"
"3fba4880-cb7b-4ac5-ab5f-728614faa1ea",5008,2,4412,596,0.119009585,"PACA"
"40378b7a-a65d-4510-aaba-a34c4058fac7",5984,3,4597,1387,0.231784759,"PACA"
"42f00950-09c9-461a-8423-d5b04a96af10",5151,2,3233,1918,0.372354883,"PACA"
"441d2f21-b448-4fc8-8c54-9b85aca56237",5201,3,3216,1985,0.381657374,"PACA"
"4652ae03-b096-42d0-bdfa-3f6281d4f023",8937,2,8108,829,0.092760434,"PACA"
"46e166fe-3b20-49ad-98db-42c854c61c93",3640,3,3038,602,0.165384615,"PACA"
"4a4e0397-8702-46ef-aaa8-3980f03a40bf",257,2,160,97,0.377431907,"PACA"
"4a88981e-e409-440f-9bf0-71ca1bab8b4e",4020,2,3629,391,0.097263682,"PACA"
"4aa7eabc-0419-4897-b7af-5dcccfd6ac2f",12610,3,8987,3623,0.287311657,"PACA"
"4c027164-12de-456f-b933-6bc91f70b46f",5865,2,3757,2108,0.35942029,"PACA"
"4c4aa1b1-fda3-4c5b-b588-68aa727500ad",5452,3,2988,2464,0.451944241,"PACA"
"4cbe411b-b05e-46bd-bea8-126289a0866c",4334,4,3438,896,0.206737425,"PACA"
"4db9e471-0068-4ec6-9bcb-33ef5fdec33e",4458,2,4212,246,0.055181696,"PACA"
"51458c86-0fdd-470e-b059-1ffbffc92a7f",5575,2,3140,2435,0.4367713,"PACA"
"5187e77d-f412-4303-8049-11d1aa1a0235",14682,3,8271,6411,0.436657131,"PACA"
"5255d645-d3d2-422e-8449-046cd21f4935",17502,3,4119,13383,0.764655468,"PACA"
"52f43b72-15ea-40a0-a3b4-4bf22bc0bf25",3454,2,2975,479,0.138679792,"PACA"
"53534b3c-cd15-4d68-a9b1-6902bb234c45",10215,2,9162,1053,0.1030837,"PACA"
"536dedba-46c4-4a21-b112-13c030b13069",89787,1,89787,0,0,"PACA"
"53e6a756-bdcc-4217-afe7-27d776159544",3538,6,1030,2508,0.708875071,"PACA"
"54195db3-94a9-4538-8bb8-9953d936acd4",11505,3,8490,3015,0.262059974,"PACA"
"541f91bd-7e9d-4348-9e78-45b948d8967e",8091,4,4799,3292,0.406871833,"PACA"
"5650dc4e-8bce-4716-9199-cd5750d7a888",3456,3,2744,712,0.206018519,"PACA"
"569ff1b4-de87-4309-8484-80549aaf9485",1863,1,1863,0,0,"PACA"
"5b41e033-6df8-411e-a13b-59eeb8afbf9b",6514,1,6514,0,0,"PACA"
"5d9ff58c-5702-48fc-a66a-d1276327fd49",13852,2,9491,4361,0.314828184,"PACA"
"5f94cb62-4019-47ff-bf6a-eeda8e9e033c",3983,2,3216,767,0.192568416,"PACA"
"60aff7a0-4960-4ed1-922b-3233ccbfdba1",4035,2,3663,372,0.092193309,"PACA"
"60c33e32-7e19-4e71-b075-a63fcf27e660",3524,2,2970,554,0.157207719,"PACA"
"60e78c80-41a5-456a-9a81-9007d18fd72c",5195,2,4899,296,0.056977863,"PACA"
"6297aa77-37a0-4f46-987b-32bd8653c0c2",4007,2,3784,223,0.055652608,"PACA"
"631ab9d0-5400-400c-b0bc-c3e576bcfe06",3074,3,2423,651,0.211776187,"PACA"
"644c669b-937b-4adc-81b9-6a1811cba9da",3129,2,2674,455,0.14541387,"PACA"
"654dba9f-cfe5-4121-97c7-868613cdef53",5391,2,4703,688,0.127620108,"PACA"
"65d2dbc3-a163-4696-b246-47a430e66572",7247,5,2231,5016,0.692148475,"PACA"
"66290cc6-1f1f-4a0b-83d1-423952da4840",3756,1,3756,0,0,"PACA"
"6867811f-ac89-47da-b5dc-1270033c36e7",3350,3,2830,520,0.155223881,"PACA"
"68ba1105-569a-4209-9b45-0e2d64931806",4808,2,4508,300,0.062396007,"PACA"
"6ad44218-d34e-4126-bf56-1be2140cd3fb",4069,3,3226,843,0.20717621,"PACA"
"6b20f942-7b89-497c-8a2e-ccce74d20ca9",4948,3,4052,896,0.181083266,"PACA"
"6bdf00f6-670f-466e-87fb-e853e41f000e",3120,2,2490,630,0.201923077,"PACA"
"6fc0cb07-9713-4355-8543-f85d1c5505c2",12609,2,7558,5051,0.400586882,"PACA"
"70dd8453-11d3-4105-a8d0-6a755c52495d",4273,2,4054,219,0.051252048,"PACA"
"71ef8379-03a0-4b81-92c9-1ba666fe4d7a",4211,2,3695,516,0.122536215,"PACA"
"7266ec7b-4824-4b88-910e-e9bfb848d55f",5050,2,3499,1551,0.307128713,"PACA"
"72a5e569-99d4-47bc-be1b-6296a5025080",6010,2,5584,426,0.070881864,"PACA"
"72f82fbd-9838-4082-b605-bc3d80226f16",10936,4,8011,2925,0.267465252,"PACA"
"73058c80-607e-4b55-b112-8f8f6775d014",7344,1,7344,0,0,"PACA"
"7410c00d-ed0b-48dc-a4bf-eb76ac613980",7708,2,6705,1003,0.130124546,"PACA"
"748d3ff3-8699-4519-8e0f-26b6a0581bff",3533,2,3326,207,0.058590433,"PACA"
"754d26af-f184-497c-856a-cd1ea7a5115c",4683,1,4683,0,0,"PACA"
"75cd90ef-e884-4812-bbf3-5a524d95147e",4415,2,2951,1464,0.331596829,"PACA"
"75fac59c-3346-4c5a-bb9f-fb67fec8d13b",6031,3,4818,1213,0.201127508,"PACA"
"78100212-65aa-4365-8b64-4b33f77732d5",8351,2,4563,3788,0.453598371,"PACA"
"78103d9b-0b8a-431e-bb58-5c99fbea12e4",53019,2,45199,7820,0.147494294,"PACA"
"7981bbf3-dceb-4d89-900c-555967e97921",5024,1,5024,0,0,"PACA"
"7b318282-5df4-42bc-b1e0-0e4a66ba9204",2554,2,2407,147,0.057556774,"PACA"
"7c43c006-d917-4915-b304-65995b6c0d46",4555,2,3945,610,0.133918771,"PACA"
"7cb71498-6ada-43c6-912b-bad4f93cf580",12620,2,11291,1329,0.105309033,"PACA"
"7ccb9a4d-6f48-41c2-a630-27fde8c67d60",6632,3,1731,4901,0.738992762,"PACA"
"7ccee959-1e87-4a39-b6b3-840ddcb94995",9461,2,7523,1938,0.204840926,"PACA"
"7d04f401-3505-410c-8def-0348ecd8aae2",5070,3,3558,1512,0.298224852,"PACA"
"7d7fff91-3f69-4123-b514-140ed3d9cd66",2011,1,2011,0,0,"PACA"
"7ef9fd9b-d349-4ec3-ab4d-1a1d11c0204b",2688,2,2396,292,0.108630952,"PACA"
"7f42e118-aab6-438a-9e84-e7451fe12d7e",5154,2,4364,790,0.153279007,"PACA"
"7f5fd36f-6e30-45ca-92a5-d8a8a8ee1bc2",3682,2,3137,545,0.148017382,"PACA"
"7fcd8af9-4d73-4c97-95cc-b30b09f21bb2",3652,2,3423,229,0.062705367,"PACA"
"81bc7f0c-865d-4801-a935-2ab04170df53",13330,2,12515,815,0.061140285,"PACA"
"8282283d-247a-431d-9421-0fcc52f0a897",11498,3,7422,4076,0.354496434,"PACA"
"8454fe53-869d-41c8-b0c8-a7929d00eec3",7766,3,6421,1345,0.173190832,"PACA"
"84a6ea88-eeb8-4060-a90c-e4abac013ad4",9116,2,7536,1580,0.173321632,"PACA"
"88bc38ba-ad1d-431e-a67e-0a5a23678386",2809,2,2582,227,0.080811677,"PACA"
"88d5a8b2-daba-45ce-90bf-480fac85bf1d",5332,2,4486,846,0.158664666,"PACA"
"89195d56-1ef2-41df-b200-9f18e38f574a",4781,2,4048,733,0.153315206,"PACA"
"8be6b14d-286a-471b-a282-ab98bc6050c3",3939,2,2700,1239,0.314546839,"PACA"
"8c233a11-3b2e-4273-bbe1-b5a5f5a351d5",3204,1,3204,0,0,"PACA"
"8d67c121-37d0-4fc0-a349-2c9452589d65",4099,2,3814,285,0.069529153,"PACA"
"9011cf17-0783-4f9d-b355-4f0fc1a2e78b",4188,2,3423,765,0.182664756,"PACA"
"9078333d-73d3-496a-9fc3-a94353b7e107",3773,2,3440,333,0.08825868,"PACA"
"90b3c237-29a4-48b3-90b3-9f2c0ccb5928",5893,3,4182,1711,0.290344476,"PACA"
"91b6fd6b-547a-47e4-8ecb-a6f1826ccfd3",2430,2,2274,156,0.064197531,"PACA"
"92dc0e0c-842f-40de-9c39-486b491ea80a",4263,1,4263,0,0,"PACA"
"94652d14-2e4d-4f4a-a4f7-8df77df788c0",2854,3,2181,673,0.23580939,"PACA"
"95cc9620-7686-4805-a96c-cf8e659847c3",4637,3,4099,538,0.116023291,"PACA"
"96ba50eb-3c12-41ad-ac7b-d23b2001fe44",9597,2,7711,1886,0.196519746,"PACA"
"96cca60e-17dc-44c3-90f7-1b57b0e08e5f",4002,2,3519,483,0.120689655,"PACA"
"97c46ede-b280-4344-8dbb-e860c6472239",5538,2,3469,2069,0.373600578,"PACA"
"9c399826-087f-44b9-98c0-bd881646b0f4",4106,2,3472,634,0.154408183,"PACA"
"9c857452-c81d-4b9e-87a8-5b41f4394f7c",3090,2,2916,174,0.05631068,"PACA"
"9df57388-7de1-4c90-910e-ef63a246dff1",3943,3,3237,706,0.179051484,"PACA"
"9ebac79d-8b38-4469-837e-b834725fe6d5",11585,2,9145,2440,0.210617177,"PACA"
"9ffe694e-b488-489e-bdbe-0800e505eec4",4525,2,4074,451,0.099668508,"PACA"
"a2238b5f-0513-487a-9b1b-7bef85ebf336",4315,2,4014,301,0.069756663,"PACA"
"a3210fd0-344c-468e-8ff2-2d0869a2fb75",4693,2,3178,1515,0.322821223,"PACA"
"a3edc9cc-f54a-4459-a5d0-097879c811e5",4152,2,3668,484,0.116570328,"PACA"
"a492a32b-bf2f-4f8c-b06e-794a4baa2fe7",3281,2,3083,198,0.060347455,"PACA"
"a5346247-3f30-470a-b4ab-732180786291",4466,1,4466,0,0,"PACA"
"a5d5c238-0447-47fa-9a81-3b823cbdcea6",6188,2,5299,889,0.143665158,"PACA"
"a6ebe0c0-8aab-4b9f-8328-4b795895a77d",4954,3,3313,1641,0.331247477,"PACA"
"a7a56d67-1bd7-4d69-9237-34c2d261261b",6432,1,6432,0,0,"PACA"
"aa4a868a-df23-4eef-a618-e945aa2ce98a",17797,2,16797,1000,0.056189245,"PACA"
"ac02c38e-5fca-4995-b0cc-39b6189976a3",9178,3,2796,6382,0.695358466,"PACA"
"af9cfac8-7fbe-49cb-aeca-8d68aea57994",14735,2,13721,1014,0.068815745,"PACA"
"b04624d2-d8f8-4b51-be1b-72c73d8055f9",2709,1,2709,0,0,"PACA"
"b37d6283-6f95-4975-a794-f3d5c4bbc7b3",2747,2,2478,269,0.097925009,"PACA"
"b47aa163-eec9-4225-940b-4373e78152e2",3990,2,3211,779,0.195238095,"PACA"
"b54b9433-ec10-4cb5-a860-4555da64917b",6592,2,5721,871,0.132129854,"PACA"
"b5cabba2-30a4-458e-897c-00ec3fefa6d2",5342,4,3459,1883,0.352489704,"PACA"
"b5dd0bc9-6c1c-4272-b920-744de37d0aee",1843,2,1617,226,0.122626153,"PACA"
"b7008a98-5aa0-4cc9-9bee-af2a422266db",9359,3,8212,1147,0.122555829,"PACA"
"b710b214-5666-4054-97ef-3b9ac2bd90ac",4598,3,3811,787,0.171161375,"PACA"
"b80ca528-2c5f-400c-8df3-9c47869a64c2",4127,2,3678,449,0.108795735,"PACA"
"b8270565-9e02-4d46-9534-08206bfd027a",2581,3,2271,310,0.120108485,"PACA"
"bb8176a7-ea7c-42d7-a85a-cec1ca386f2e",2985,2,2726,259,0.086767169,"PACA"
"bbbc531a-dd41-40b7-ae59-e35508aea0c7",2073,2,1909,164,0.079112397,"PACA"
"bbdd7393-024b-4073-b5bc-ef7a68c15b8a",17346,3,11703,5643,0.325319958,"PACA"
"bbff7954-95ec-455c-b0bc-92f67a09ee77",4707,1,4707,0,0,"PACA"
"bc395326-1656-4ef2-bb19-0cb29194b91c",45507,2,40954,4553,0.100050542,"PACA"
"bcef0b6c-6584-4090-9d28-ef784a7e5fbb",4075,1,4075,0,0,"PACA"
"c0523251-3ac2-4292-bb00-9ae9ea9009f6",4502,1,4502,0,0,"PACA"
"c13fb736-614c-4d5f-83bf-2d7586f4fb53",4893,2,4384,509,0.10402616,"PACA"
"c15a51cc-4fdc-4343-a410-13ddc238dac8",2791,1,2791,0,0,"PACA"
"c3679262-63d7-463e-9501-6ab3f177aee8",5186,3,3359,1827,0.352294639,"PACA"
"c741fb12-8160-43a7-bc70-2c545ea0031d",6527,2,3664,2863,0.438639497,"PACA"
"c9e7c629-7b57-4ede-b315-0cea8c97c48e",4838,2,4304,534,0.110376189,"PACA"
"ca284012-bd06-47a3-8a9d-c6b185d87d85",6963,2,6461,502,0.072095361,"PACA"
"cafe9603-a804-48fb-9217-e2d1c3c346c5",8612,2,6485,2127,0.246980957,"PACA"
"cb4608a7-6aec-4cba-b20f-489e214c9dbd",3667,2,2857,810,0.22088901,"PACA"
"cba4de91-cce7-4edc-8450-d0a52c959586",2787,3,2287,500,0.179404377,"PACA"
"cc7af465-22ed-485d-a78c-282b840bf7c9",3293,2,2663,630,0.19131491,"PACA"
"cf072bfe-3191-4a71-9e0b-decaa28365e1",4446,1,4446,0,0,"PACA"
"cfe0bf13-2ff4-4164-9b6a-cd3615bf3ddc",5104,2,4241,863,0.169083072,"PACA"
"d05ea63c-86a3-463a-a790-2edaa74b4da7",5437,3,3385,2052,0.377414015,"PACA"
"d1804679-e728-4597-ac69-49554c087b9e",4618,1,4618,0,0,"PACA"
"d333b55b-8bac-4a99-9d23-3cc0c25057bf",3593,2,3235,358,0.099638185,"PACA"
"d4907a1b-8b06-47c5-8bca-c781d9cddaf8",5652,1,5652,0,0,"PACA"
"d5796835-d6cd-427e-a398-5fbef88b0648",6844,2,5225,1619,0.236557569,"PACA"
"d8de6de6-4cfe-4239-9ebd-3437aa65efb2",2598,1,2598,0,0,"PACA"
"d91f487e-0895-44ef-aeb1-a62bd576f8b0",7241,3,5743,1498,0.206877503,"PACA"
"da1ed4b9-f428-48aa-834d-1d9673999044",4295,2,3909,386,0.089871944,"PACA"
"db2a1df8-487d-4dad-a347-5c5ed539d5ad",5321,3,3690,1631,0.306521331,"PACA"
"dc856038-f5f7-4dfc-a0a4-3e3a6b8d160f",4175,2,3869,306,0.073293413,"PACA"
"dd4fdb6a-8067-4b64-ab74-bbb0fec34ca9",4203,3,3294,909,0.21627409,"PACA"
"ded2689b-8e37-480c-b37c-acc538e54ddf",3623,2,3063,560,0.154568038,"PACA"
"e0aa815f-668a-4de9-bb32-3f215bb7f843",5322,2,4580,742,0.13942127,"PACA"
"e1df938f-1f23-4291-98ef-13db6debb796",3747,2,3369,378,0.100880705,"PACA"
"e4c8c7f0-5bac-4d59-91c4-c98207150548",8556,3,6127,2429,0.283894343,"PACA"
"e5193d7e-e8b7-4098-bf98-8b3a62781d13",6306,4,4745,1561,0.247542023,"PACA"
"e56b0990-ff67-47c1-b9ad-87ef1d4aa2ae",10780,2,9945,835,0.077458256,"PACA"
"e6eda5db-4d4f-418e-b0d4-ed9b3e5259d3",3105,2,2555,550,0.177133655,"PACA"
"e7048a93-a1ed-4cdc-a1ab-fa507408ca77",3367,2,2980,387,0.114939115,"PACA"
"e7603fc8-9b73-4c17-86f9-46ca1bceeb1d",3697,2,3162,535,0.144711929,"PACA"
"e97ea3d7-9fcd-4df1-9ea8-587cb3be75ec",4548,2,2965,1583,0.348065084,"PACA"
"ec646623-6d33-4fbd-888e-89f55d82eb11",6669,3,5401,1268,0.190133453,"PACA"
"ec77847e-48fd-4ba5-bc3e-3cd1b149b552",5469,4,4209,1260,0.230389468,"PACA"
"ecfe388a-99f5-44b9-9226-a6ae6d892538",4390,2,3744,646,0.14715262,"PACA"
"edac1323-2497-45e6-9148-e9c955292ba2",4305,2,4086,219,0.05087108,"PACA"
"ee5d5e7d-78cf-4a29-a9ee-56aa3da877dd",3813,2,3260,553,0.14503016,"PACA"
"ee8ba991-8c96-476e-b096-49f3aaaffc2f",7203,2,6811,392,0.054421769,"PACA"
"ef002c3d-358f-4fc0-98f3-2f8b89de4374",4602,2,4010,592,0.128639722,"PACA"
"ef3a0ccd-85bc-4e5f-a8c6-5a2e2d9e6717",6220,2,4734,1486,0.238906752,"PACA"
"efacd7d6-56cf-4f6a-87f0-1a7ab6b1a643",4249,3,3341,908,0.213697341,"PACA"
"efc39172-083c-4297-b922-3f58df781332",5231,3,4502,729,0.139361499,"PACA"
"f1d9124e-dfa2-415e-b8b8-dd872fd3e2cb",3358,2,3185,173,0.051518761,"PACA"
"f283ed80-8302-4f26-99ed-ea20d101289d",4143,2,3687,456,0.11006517,"PACA"
"f4ada7a2-c4ac-4f89-ada7-4645861002cb",9084,2,7294,1790,0.197049758,"PACA"
"f4e673a9-5b85-46e7-bcac-2ce6e1026896",6863,2,6490,373,0.05434941,"PACA"
"f4e926fd-006e-4c85-b71c-1433c325acb0",5565,2,2574,2991,0.537466307,"PACA"
"f5bb7ae4-4bb4-4e87-b83c-bc8620584989",4311,1,4311,0,0,"PACA"
"f7702c0c-9636-4700-a8ae-7a58afd9fa71",5758,3,3431,2327,0.40413338,"PACA"
"f94c4f69-8119-4eaf-97c1-5106890c14d4",6992,1,6992,0,0,"PACA"
"fa54205f-7e51-4e5a-9f0a-5e8a2e40235f",2758,2,2403,355,0.128716461,"PACA"
"fa9a3247-a465-4fdf-bb64-5afaa83a5d76",2996,1,2996,0,0,"PACA"
"fdbd0277-ddbf-4cc5-8ec3-3644b9553627",4455,2,3967,488,0.109539843,"PACA"
"fe96d91c-3686-4125-af71-b8703a011ad4",7018,3,5270,1748,0.24907381,"PACA"
"ffe4bb51-e98a-41a7-a4e1-c3970386889c",3339,3,2450,889,0.266247379,"PACA"
