"samplename","num_total_snv","num_Clusters","num_clonal_snv","num_subclonal_snv","Subclonal_fraction","cancer_type"
"00508f2b-36bf-44fc-b66b-97e1f3e40bfa",2079,3,1117,962,0.462722463,"PAEN"
"01c8e465-2b4e-4519-bdef-c3ac06b43eeb",3853,2,1825,2028,0.526343109,"PAEN"
"0363fe2c-d765-450e-8b1a-d13a23d9af2a",948,3,212,736,0.776371308,"PAEN"
"051cb117-16fd-459e-81e5-002eca2b7eea",339,3,151,188,0.554572271,"PAEN"
"05c487aa-72d8-42e6-aa2b-b9b5ce273f5c",2471,2,467,2004,0.811007689,"PAEN"
"074fd614-5d9c-4bcc-96ad-351aa14387e3",3119,2,2745,374,0.119910228,"PAEN"
"0bafd9ae-64b3-492d-a6fd-12aa8edefcbe",1476,2,1280,196,0.132791328,"PAEN"
"0e7ac212-0469-4f17-9432-205ab1831257",3288,3,2252,1036,0.315085158,"PAEN"
"16c6f975-48fd-4cda-946a-777cb922949d",2286,2,2022,264,0.115485564,"PAEN"
"1a5bf97e-3d49-4d3f-b385-ffa7a295be9c",1078,3,316,762,0.706864564,"PAEN"
"1b7838c9-c685-41c3-b184-a2e40c7c4dc7",3032,5,723,2309,0.761543536,"PAEN"
"1eb1bc62-18f6-4bcb-a16d-aa6a91914031",3239,4,1417,1822,0.562519296,"PAEN"
"2660825c-68f0-4631-948e-6da158edbe9e",2515,2,1978,537,0.213518887,"PAEN"
"274723ac-2bc1-4e2c-b31a-1907217b9f84",224,3,86,138,0.616071429,"PAEN"
"29127cde-548f-4c42-96cf-6f0020c3db9a",1930,2,1798,132,0.068393782,"PAEN"
"3189bc97-afd8-4daf-80c9-2d78a08228d3",1684,2,1370,314,0.186460808,"PAEN"
"33b99e90-741d-43f2-804b-75721199a0dc",1160,2,127,1033,0.890517241,"PAEN"
"3728982b-4547-4249-bd42-72a91d3fda8c",1134,3,542,592,0.522045855,"PAEN"
"3ad44032-01fb-4f84-b880-f01bb13a4359",1645,3,1174,471,0.286322188,"PAEN"
"3ae3ce4a-54ec-4c3b-83f2-845696ea0fa1",1370,5,360,1010,0.737226277,"PAEN"
"3bb25b72-ceb1-4169-891e-339f22cb0f03",3972,3,1976,1996,0.502517623,"PAEN"
"44406493-37f4-48c7-961b-8714be50773a",1328,3,507,821,0.618222892,"PAEN"
"48b15122-b1e9-4c30-8fc5-70a07686779a",1376,2,729,647,0.470203488,"PAEN"
"4b5d9d8c-ff95-45f4-9287-2804e8a98ade",3151,2,2513,638,0.202475405,"PAEN"
"4d2204f1-be84-4f58-b7e7-61ae9fbf6d25",2782,4,1579,1203,0.432422717,"PAEN"
"5174f450-0bf7-4237-a53e-844064f0e701",2216,3,1611,605,0.27301444,"PAEN"
"559c30f2-8ae7-43c8-819c-800261065e06",3940,3,2868,1072,0.272081218,"PAEN"
"56425c2e-6bbf-4b20-ba07-79a526dd4603",515,3,111,404,0.784466019,"PAEN"
"5702affd-eafe-42a4-8f56-c1f22f8f184d",1847,4,898,949,0.513806172,"PAEN"
"589e0aea-9057-4b8c-8af1-74c74fe46a38",4333,3,1300,3033,0.699976921,"PAEN"
"5935dd9d-d411-48f8-8512-aa73a63878b0",618,5,99,519,0.839805825,"PAEN"
"59e2d6d1-debd-4796-ab0c-6a5673a990fc",2950,5,1417,1533,0.519661017,"PAEN"
"5ee28a35-7aa0-48e3-9c14-daca7b0241fe",1661,2,1005,656,0.394942806,"PAEN"
"5f13e9b8-6c8e-4fd7-aef1-da4e5d5e2a5e",2548,3,997,1551,0.608712716,"PAEN"
"606d7f5e-ff98-4245-a9ac-281f5074f97a",4470,2,1912,2558,0.572259508,"PAEN"
"63a907ff-1042-4f9c-a385-55a32b3e103b",2628,2,1455,1173,0.446347032,"PAEN"
"69fe982d-6ab8-49b7-9efa-8349d60eb076",913,4,138,775,0.848849945,"PAEN"
"6c8f3dc9-21bf-4859-9599-231ac040eb7d",1712,4,622,1090,0.636682243,"PAEN"
"6dc43234-4f07-4c53-8b07-8d78d9dbad3b",1774,3,1317,457,0.257609921,"PAEN"
"6e776415-ddf4-4060-953f-08ef22441234",10325,2,5762,4563,0.441937046,"PAEN"
"7243992d-0763-4b75-8066-e8e5309d0193",1057,2,880,177,0.167455061,"PAEN"
"724bf2b8-a246-4b6f-85f8-95824c03896e",11173,2,6036,5137,0.459769086,"PAEN"
"79353875-9d86-4063-a8ea-1d998acb1e81",3094,3,761,2333,0.754040078,"PAEN"
"7ae3671f-bf98-4693-8f35-3b762c9121d4",7146,3,2125,5021,0.702630842,"PAEN"
"7c477f01-8000-49dc-a692-e47fc15e0b4f",917,6,333,584,0.636859324,"PAEN"
"857a8354-9589-424e-98f4-98b9bfd6dcb0",1486,2,1083,403,0.271197847,"PAEN"
"8c443bd0-7987-44de-b312-5b859e6d13a9",2504,2,649,1855,0.740814696,"PAEN"
"8c4ebff2-8318-4046-98f5-da8f6b1a9e3b",1850,3,1340,510,0.275675676,"PAEN"
"8cbd1752-7eea-46d3-8623-09e96dfb1fdf",7571,3,5800,1771,0.233918901,"PAEN"
"94244f28-4ba2-4aa6-a0fb-0cd9b94bf9cc",336,3,59,277,0.824404762,"PAEN"
"94b5dc5a-701a-45e3-8f63-8231031a055a",1167,5,190,977,0.837189374,"PAEN"
"958d4d1d-25e2-43f2-a18b-59b2c66f0c05",229,3,122,107,0.467248908,"PAEN"
"96e99cf0-707e-49f3-9ec6-cb4f90ecf7e4",1160,2,800,360,0.310344828,"PAEN"
"9cfa4e8f-ea4d-433b-8c2c-54f66ecb7e43",3200,4,988,2212,0.69125,"PAEN"
"a4beedc3-0e96-4e1c-90b4-3674dfc01786",2580,3,2101,479,0.185658915,"PAEN"
"aa215f18-ae1f-4f0e-89dd-ac59ee8c8c44",4656,4,3320,1336,0.286941581,"PAEN"
"acb5e263-111b-43d8-9bd1-adb9a54e0fc0",1889,4,751,1138,0.602435151,"PAEN"
"b24feafa-f2e9-4498-8471-a9e42c80cc9f",2148,2,192,1956,0.910614525,"PAEN"
"b27b569a-2c79-4453-8a2d-41fd0b4dd28d",3032,3,2235,797,0.262862797,"PAEN"
"b4860b5f-0a80-4fb2-81e1-4bafeb525b1c",778,2,628,150,0.192802057,"PAEN"
"b499032c-6cb8-4646-a95b-10af2a21a289",2215,2,2059,156,0.070428894,"PAEN"
"b4e5626b-44fe-4cdb-a7d5-42028e0dbc4d",1701,3,1282,419,0.246325691,"PAEN"
"b5cc4a6d-93a9-497c-a7bb-a5db82edc176",958,4,533,425,0.443632568,"PAEN"
"b8068cbb-4523-4ac9-ab17-edd4eb0e2975",1180,2,514,666,0.56440678,"PAEN"
"bf91afc4-aa2b-4365-80c5-b98c9d118e10",1643,3,1274,369,0.224589166,"PAEN"
"c307688c-b1fa-47f6-a9e2-1ea41f7645b6",1010,3,662,348,0.344554455,"PAEN"
"c766274a-3c1e-443f-9ed4-c0e2b9c904d1",1265,3,509,756,0.597628458,"PAEN"
"c9e7cff0-aec2-4ff2-8091-7cbea2bf5991",10361,3,8599,1762,0.170060805,"PAEN"
"cef1fb1c-18fa-453a-b87f-295d3b0bc12b",499,4,276,223,0.446893788,"PAEN"
"d404ac28-da11-4746-9c3b-cf0b1888f67b",4947,2,4628,319,0.064483525,"PAEN"
"d515c7d2-2314-46bf-9736-ff3f3d2ab599",5657,2,696,4961,0.87696659,"PAEN"
"d6faafa5-7279-4dc3-be71-45af5c855b34",2759,3,813,1946,0.705328017,"PAEN"
"dc4ba4bc-6333-4fe9-8805-e058cc9e6e18",8516,2,7825,691,0.081141381,"PAEN"
"dc57c2e7-4c5b-4e2b-93c6-f032fcebc2fa",1279,3,770,509,0.397967162,"PAEN"
"dc7faf84-4438-447b-abcf-a3af87043654",4227,2,3732,495,0.117104329,"PAEN"
"de4d6f9f-d64a-41b9-a928-64e79b9f7d5f",1238,4,556,682,0.55088853,"PAEN"
"df2d41c4-7e79-4a46-aa4a-2a11c051ac40",22883,5,7086,15797,0.690337805,"PAEN"
"e07affb1-b6b2-40a4-9c54-0e72f5ea5045",1792,3,1572,220,0.122767857,"PAEN"
"e3eb5217-50e4-49e2-a6fa-f847d091f3c9",2175,3,1181,994,0.457011494,"PAEN"
"e541b5b9-546d-47bc-acd6-4006ce0eec1d",5767,4,3884,1883,0.326512918,"PAEN"
"ed4b53cb-5473-4bc1-9d84-0b0ad93cbd57",1673,3,691,982,0.586969516,"PAEN"
"ee368301-b2f7-428f-9330-67c054c1a09d",947,3,590,357,0.376979937,"PAEN"
"f89ef95e-6e39-420b-a3c2-ccebcc69ce3b",3118,4,2329,789,0.253046825,"PAEN"
"fbea74b5-b1a8-4767-af7c-e179ce8da071",1847,3,1182,665,0.360043313,"PAEN"
"fe63d42b-d471-45b6-9bdf-1a3b55465d37",2456,3,1209,1247,0.507736156,"PAEN"
