"samplename","num_total_snv","num_Clusters","num_clonal_snv","num_subclonal_snv","Subclonal_fraction","cancer_type"
"005e85a3-3571-462d-8dc9-2babfc7ace21",1259,2,600,659,0.523431295,"EOPC"
"052015bc-8c24-467c-8ff7-9e0dc4ad39fd",3075,3,1111,1964,0.638699187,"EOPC"
"089be98d-c3c9-4fb4-aef2-7a8578a91d51",2714,3,1534,1180,0.434782609,"EOPC"
"0bd3a230-531e-44aa-9999-b8ed8da0176b",1867,2,1410,457,0.244777718,"EOPC"
"122bf0a9-8052-49da-a9d7-0e5de9ab7032",2095,2,1754,341,0.162768496,"EOPC"
"131332b2-ff51-4bd7-a626-aff2ecea6135",1268,1,1268,0,0,"EOPC"
"1558629a-770a-4dcb-b0bf-9a8bcea9d80b",2889,3,1596,1293,0.447559709,"EOPC"
"1bd47e40-d708-4ca2-b4b3-eb8d996c916b",921,2,323,598,0.649294245,"EOPC"
"1be81ade-7ad6-4e7e-90d0-f986b3fb0a25",1217,1,1217,0,0,"EOPC"
"1d6c9181-a02f-4c35-85b3-65dc5808f50e",1637,1,1637,0,0,"EOPC"
"1f04210a-0c2e-4bb8-ac8e-86198e5f1d34",1531,2,1437,94,0.061397779,"EOPC"
"280a069c-38e5-4300-a15c-2612301b70e3",2160,2,1236,924,0.427777778,"EOPC"
"2b54d668-7585-4bf4-9fdd-aea3c5cd4fa4",2339,2,1898,441,0.188542112,"EOPC"
"2f79fe89-9d24-4fbe-ba5b-0ff6c3c4d663",2911,2,1837,1074,0.36894538,"EOPC"
"339a2c94-55c9-4113-a706-b0971fa2784f",1902,2,1701,201,0.105678233,"EOPC"
"33de44a2-bec1-402d-872c-d78c1f2d52b3",3416,2,2281,1135,0.332259953,"EOPC"
"39e32615-0160-4f13-b330-50748f5d87ed",1590,2,1478,112,0.070440252,"EOPC"
"3b8ab548-6669-4142-9612-cafded0d7a23",2682,2,2536,146,0.054436987,"EOPC"
"3c92c0e9-68e0-4354-8ed1-b6506878145d",1512,2,1182,330,0.218253968,"EOPC"
"3e7a30e6-2202-40bd-bfc1-0383604050da",1305,2,875,430,0.329501916,"EOPC"
"41c565a9-d44a-447f-85c0-98f23bfee1b3",2250,2,2091,159,0.070666667,"EOPC"
"4508ce0a-5a2e-4502-98e9-2fd76c4eebef",1236,1,1236,0,0,"EOPC"
"4b44b313-6f74-4233-bec4-7e41c91c77f1",2362,2,2203,159,0.067315834,"EOPC"
"4c755527-3b5d-4d36-822d-990aa1003d6a",2225,2,1827,398,0.178876404,"EOPC"
"51adf6cf-f422-4d7e-aa46-cc9bf0ef8693",4159,2,3899,260,0.062515028,"EOPC"
"54319e3d-c28f-4ba1-9c87-299d303e4de3",1344,2,808,536,0.398809524,"EOPC"
"5df0aab4-0be2-4da3-a4b7-a10fca09a4ba",158,2,56,102,0.64556962,"EOPC"
"5fe8a231-bbac-4f91-a47a-0de4fee752d3",473,1,473,0,0,"EOPC"
"62ea1264-47b6-4a6b-9fa6-779837f8e905",923,2,526,397,0.430119177,"EOPC"
"63faa59e-6649-412e-823a-338d0662ec72",1805,2,1461,344,0.190581717,"EOPC"
"6763f295-f2bf-4975-bea5-c1a490d9a1fa",962,1,962,0,0,"EOPC"
"6d0851ba-271a-408f-bcc3-c104b452c9e5",1573,2,1323,250,0.158931977,"EOPC"
"6d325c96-8f5c-4064-9806-4364016da8a4",590,1,590,0,0,"EOPC"
"6fe135ef-54b4-4941-9bb9-872dc4d18d9f",1778,2,1260,518,0.291338583,"EOPC"
"6ff16b0d-5966-4119-9bec-c9ebff804a37",1400,2,406,994,0.71,"EOPC"
"73f7718b-f9b1-4a63-a561-0c9cc2abeb9f",947,2,705,242,0.255543823,"EOPC"
"74db46a8-a499-4951-af33-1d53b7d1c9b4",866,2,577,289,0.333718245,"EOPC"
"7a86abdc-d554-43bd-ad47-22d439c930ef",407,1,407,0,0,"EOPC"
"7d6fb1a7-7742-4b8c-9903-abff706240b5",4102,4,805,3297,0.803754266,"EOPC"
"7e10e325-16d2-42df-b957-df4d3a9477d0",3260,4,491,2769,0.849386503,"EOPC"
"84aa2983-714b-49fd-af93-f18ed4d6a6cb",2831,1,2831,0,0,"EOPC"
"8930735a-4eb4-4489-8513-d4b600c316ab",1082,1,1082,0,0,"EOPC"
"95730d8b-327a-402c-a8bf-d71370f777a7",2865,2,1917,948,0.330890052,"EOPC"
"96b67289-9c42-402b-8e30-9efb4d512bef",1388,3,898,490,0.353025937,"EOPC"
"9b75735b-705d-4ebf-92a0-fbb190b95285",1335,2,368,967,0.724344569,"EOPC"
"9cdb1905-8b0f-48bd-ba37-11e7ac9646a0",2773,2,1219,1554,0.560403895,"EOPC"
"a319188c-6b80-4228-8f2b-8f423c0fcf97",489,2,352,137,0.280163599,"EOPC"
"a971ac23-0664-405d-9f5c-9ca892af003e",772,1,772,0,0,"EOPC"
"ad007b59-46f6-48b9-958a-2b9d28cca3b7",6043,2,5410,633,0.104749297,"EOPC"
"b0c61486-b061-4b6b-ac02-130a3ea0b080",223,1,223,0,0,"EOPC"
"b0f3087b-6f9c-47e9-b487-6726af1cb90b",1419,1,1419,0,0,"EOPC"
"b3f1d232-4392-4258-9256-d38ff4b59f94",4530,2,3143,1387,0.306181015,"EOPC"
"b4aea804-fc6e-4d58-906f-f3a932ca9dc5",1359,2,1119,240,0.176600442,"EOPC"
"bd3028c7-1fde-401d-a6b2-5f8e61eb4aa1",1600,2,1258,342,0.21375,"EOPC"
"c3cb64b3-842b-4b42-8c42-020a0206eb06",1666,2,1143,523,0.31392557,"EOPC"
"cd29af7e-d670-4d8e-83e2-da6e52abda71",1650,2,1105,545,0.33030303,"EOPC"
"d1cebf4a-4127-47ee-85cb-465fca2ac445",1880,2,1215,665,0.353723404,"EOPC"
"d74be531-b0fd-42c3-954e-4a4f7eef922a",1252,2,984,268,0.214057508,"EOPC"
"db37739d-af50-4e63-9147-1a7d25630ac6",980,2,68,912,0.930612245,"EOPC"
"dd5ed858-0623-4387-b1bf-109175c32ef4",1136,2,659,477,0.419894366,"EOPC"
"de4faf55-1bcf-427f-b019-829bb4b64ff1",1743,1,1743,0,0,"EOPC"
"e6772001-dffc-4fb4-86e9-6c395edd176d",1401,2,523,878,0.626695218,"EOPC"
"ec16d1f5-f8a9-4c19-8cce-92f6ea9eb3f7",4220,2,3250,970,0.22985782,"EOPC"
"edeea137-080d-42d3-a0ce-5cfe0d4a68e7",1356,1,1356,0,0,"EOPC"
"f1d73c2f-3d7d-4a0f-871b-b3bf76d865dc",2326,1,2326,0,0,"EOPC"
"f3720205-dc76-4101-8a56-72043fc896b5",46,1,46,0,0,"EOPC"
"f601cf2f-081f-484d-ab0e-21a8ec8d3770",9023,2,3261,5762,0.638590269,"EOPC"
"f921b592-fa4d-49f7-b773-81a0e903aaed",1401,2,1133,268,0.191291934,"EOPC"
"fd163b56-1c2d-4e63-9fad-ba3221ae274b",1049,2,359,690,0.657769304,"EOPC"
