"samplename","num_total_snv","num_Clusters","num_clonal_snv","num_subclonal_snv","Subclonal_fraction","cancer_type"
"00b9d0e6-69dc-4345-bffd-ce32880c8eef",3812,2,3610,202,0.052990556,"MALY"
"02917220-6a7a-46a1-8656-907e96bef88e",22209,1,22209,0,0,"MALY"
"03ad38a6-0902-4aaa-84a3-91ea88fa9883",5410,2,5090,320,0.059149723,"MALY"
"05616329-e7ba-4efd-87b1-d79cd0f7af3d",9423,2,8597,826,0.087657858,"MALY"
"068f4f69-d2fe-4f25-912e-ca7d4623efb6",7104,1,7104,0,0,"MALY"
"07835447-5d7e-4828-80fd-89b063989c9a",8979,2,8470,509,0.056687827,"MALY"
"0d569bd5-418d-4d72-87ca-8e14668c2119",11619,2,10687,932,0.080213443,"MALY"
"0e7f46ca-6f5c-4538-b6d6-00af65d57fcf",64283,2,49565,14718,0.228956334,"MALY"
"124d5b04-4588-44c3-9c00-61e064cf1bdb",9661,2,8853,808,0.083635234,"MALY"
"140d5fa9-afbe-444e-a7e7-6a4cb4ab2923",13287,2,12605,682,0.051328366,"MALY"
"1494bb16-f1f0-42a4-b10e-c383574cbc8b",10173,1,10173,0,0,"MALY"
"15678c3d-ce61-454d-849e-1d4ca358909b",10535,2,9691,844,0.080113906,"MALY"
"15dd024e-c0da-461a-84db-d01e60a22210",1526,1,1526,0,0,"MALY"
"1a4633c4-72a0-4e30-8c4c-345e04337627",13653,1,13653,0,0,"MALY"
"1d1eeba2-4d7b-4380-b0b6-26d246bc4158",3746,2,3176,570,0.152162306,"MALY"
"22578b9f-78dc-464c-9bb9-382f033283d0",2372,2,2136,236,0.099494098,"MALY"
"232b7754-b3c3-4530-9d24-3af40d9b2816",6095,1,6095,0,0,"MALY"
"2439ec74-1713-4d47-a5d9-886f69dddcb6",15614,1,15614,0,0,"MALY"
"282b45ee-4af2-4c61-9acc-286eaf8d661a",8933,2,8325,608,0.068062241,"MALY"
"28f8d45f-4763-472e-9c4d-6787ba00164b",2223,2,2051,172,0.077372919,"MALY"
"2b02e3ad-4423-491e-993a-561e80dc7bcf",5117,2,4855,262,0.051201876,"MALY"
"2b36ac4b-eed3-4591-8b4f-b44049dfc5ed",3009,2,2491,518,0.172150216,"MALY"
"2c3ada8b-9650-4859-9857-43209c0f7cea",8809,2,8018,791,0.089794528,"MALY"
"2f0a660c-ba3c-49bb-90f7-39b0034cea82",2219,2,1866,353,0.159080667,"MALY"
"3b55c58d-f95a-4a1d-9aa1-8d2c026656a9",5014,2,4710,304,0.060630235,"MALY"
"3e012b50-06d1-4120-971b-5e54139b00ee",23636,1,23636,0,0,"MALY"
"3e7ccab5-5b1d-4147-b907-77cab8f0837e",9466,2,8488,978,0.103317135,"MALY"
"3e94aa64-7dd3-4d63-a5de-b4050d3dfafa",4097,2,3807,290,0.0707835,"MALY"
"41dba8d1-8aad-474c-a82b-20b28ab818bd",8369,2,7860,509,0.060819692,"MALY"
"461df2ae-fcf1-4b93-be0a-c14954fe7c42",15209,2,14358,851,0.055953712,"MALY"
"4a4309b0-2aca-4d6a-ac50-039b28406bba",6341,2,5890,451,0.071124428,"MALY"
"4adc846a-42cb-4ebd-a954-e31eb29d7572",24556,2,21937,2619,0.106654178,"MALY"
"4d1a4587-adb4-4a65-943e-f19efe8de142",1882,2,1450,432,0.229543039,"MALY"
"4d72d06d-b6af-4294-9eef-6e61e067761f",9542,2,8728,814,0.085307064,"MALY"
"4de7441f-a609-4a75-9fe7-17a647079ac1",1679,2,1559,120,0.071471114,"MALY"
"4e7cdeda-6dc1-4f17-b853-72a68e5aa7e1",28676,1,28676,0,0,"MALY"
"4e7e6e1f-c648-446f-bdf6-0b1fcc6dfa83",7885,2,6903,982,0.124540266,"MALY"
"56e57223-264e-489d-bc9a-a07789065c40",6355,1,6355,0,0,"MALY"
"578ba169-1d2f-4187-b174-082bbc6a5bd2",3770,2,3393,377,0.1,"MALY"
"5bcf473f-417d-47a5-9745-ac7faf830b1f",10126,2,9597,529,0.052241754,"MALY"
"5f18b334-6616-406f-8f33-0592b56c14e6",2718,1,2718,0,0,"MALY"
"626c9788-d70c-449b-b9dc-5e3f6fc00991",12365,2,11495,870,0.070359887,"MALY"
"650fe009-da01-4717-89df-9c95fafe3d7e",6130,1,6130,0,0,"MALY"
"687baf0b-aed9-4ab2-adb6-556a1d177a24",3233,1,3233,0,0,"MALY"
"71982a1b-52a4-440f-bd5d-62a0e6cc7fd9",7319,2,6431,888,0.12132805,"MALY"
"76788f17-257d-47c7-ad85-ac5f959216b5",3506,3,2671,835,0.238163149,"MALY"
"78bd2aa8-e5f6-4b4b-96f0-d406fbdbcee8",3205,2,3018,187,0.058346334,"MALY"
"79e81ab3-5466-4324-9387-2de00d62315c",2015,2,1825,190,0.094292804,"MALY"
"81b4dd02-34ec-4ddc-8818-ed888a60ad88",3994,2,3107,887,0.222083125,"MALY"
"81cc0f39-6677-4f2e-9a75-d30152b188f3",9345,2,8774,571,0.061102194,"MALY"
"82b8cda8-fbff-455e-b0db-7ff6528bd6c8",4957,1,4957,0,0,"MALY"
"858631eb-4e91-4aad-809c-c3948519313d",15739,2,13166,2573,0.163479255,"MALY"
"866ecfe7-caa6-4565-9418-6b9d6c8a3b43",4058,2,3740,318,0.078363726,"MALY"
"874f64e9-8a0d-4f88-92c4-7e831842b1d1",2357,2,2098,259,0.109885448,"MALY"
"890e840c-1d1d-4874-a8eb-f9d9a2b50a1c",15911,2,14947,964,0.060587015,"MALY"
"8ddcf0d9-312f-4055-8984-55d463face34",2279,2,1885,394,0.172882843,"MALY"
"8fc11cb6-9d79-41c3-bb45-0dadda890e8d",5477,2,5042,435,0.079423042,"MALY"
"929f2216-6ab3-414f-a814-49b69d4b49d9",18496,2,2593,15903,0.859807526,"MALY"
"995a1ad2-faca-4a37-a59d-e62455985afb",15900,1,15900,0,0,"MALY"
"9b3e7a03-cf8c-4da8-bc36-20129d7783ba",15769,3,13596,2173,0.137802017,"MALY"
"9c27fedd-b1b3-4af0-9e9b-20271854db08",18903,1,18903,0,0,"MALY"
"9e842227-2bc6-4185-bedb-abeb03836b51",6886,2,5477,1409,0.204618066,"MALY"
"a31b6123-c1b7-4cd0-86d8-b2e640cce9da",1749,2,1595,154,0.088050314,"MALY"
"aa20b9ab-dba9-4002-ad45-cafa2f85cef7",2416,2,2259,157,0.064983444,"MALY"
"abedd46c-47b8-4242-adb6-12835400cb3f",21935,1,21935,0,0,"MALY"
"ac2c8928-33a2-4aa0-8bc1-cdfa1ca0b56a",6254,1,6254,0,0,"MALY"
"ad0700e2-048a-4856-a77a-bc0b6f25f0e2",1982,2,1487,495,0.24974773,"MALY"
"b2190e26-1809-4aba-9f45-07c2edb3b4a4",3184,2,3005,179,0.056218593,"MALY"
"b330c50b-c45f-413d-918f-33275d0d8f91",1735,2,1473,262,0.151008646,"MALY"
"b9dbc78e-44ce-427c-bbeb-de8d097bde2c",7443,2,7026,417,0.056025796,"MALY"
"baa02e74-9cae-4996-858e-17d9f52d924b",8642,1,8642,0,0,"MALY"
"bc1d5327-2e76-4e0e-b749-72a559469d0d",13062,1,13062,0,0,"MALY"
"bd6bd940-ef06-433a-80d9-dca5683e9cd2",5067,2,4782,285,0.0562463,"MALY"
"bdbcffb0-c7da-4e7d-8002-9feffe48533c",3239,1,3239,0,0,"MALY"
"c66926a8-474d-482c-bfb7-043029c8b737",6511,2,6068,443,0.068038704,"MALY"
"cc7bba1d-8990-4557-a565-9cff1085f023",2981,1,2981,0,0,"MALY"
"ce85ccf3-6621-4976-b187-2f28d45dd4d9",18984,2,17882,1102,0.058048883,"MALY"
"d31cce9d-1b38-44fd-9378-0d128e12a011",5868,2,5531,337,0.05743013,"MALY"
"d6ee68e5-ceb3-4a63-b3bd-e64fe5398102",4108,3,2568,1540,0.374878286,"MALY"
"d733cf1a-4c42-4def-b6cb-5ef2c6a27fcd",23221,1,23221,0,0,"MALY"
"db9ce6c6-529c-4da6-92c4-f4f3fc3fe109",3087,1,3087,0,0,"MALY"
"dbae3c4e-6d66-483a-a611-7285067bf85c",27421,1,27421,0,0,"MALY"
"dc4bc4c4-2cc1-4a2e-a9f2-613088af17bf",7578,2,6928,650,0.085774611,"MALY"
"dd8f3e1c-6ed6-41c2-957d-6f679a3cb3ca",3880,3,3303,577,0.14871134,"MALY"
"df814571-57f1-4e55-bc1a-c892c568c4ba",3576,1,3576,0,0,"MALY"
"e2b09705-c5c8-48ee-a90e-19648a7bf2cb",7047,2,6521,526,0.074641691,"MALY"
"e2fa7251-507e-4d76-95a3-a228adc3885a",6925,2,6362,563,0.081299639,"MALY"
"e6168db0-d12f-4218-8ab9-bd704201cb2b",24235,2,22920,1315,0.054260367,"MALY"
"e84e0649-a2e8-4873-9cb6-1aa65601ae3a",23171,2,20767,2404,0.103750378,"MALY"
"e98e4e23-a139-4fff-b017-35f3f976eddd",3926,2,3503,423,0.10774325,"MALY"
"ebe0ed67-2d3f-45cd-8f9b-4912595b16a0",10759,2,9717,1042,0.09684915,"MALY"
"f047cb85-8f88-45d5-83c3-0416c9f3fff7",5005,2,4534,471,0.094105894,"MALY"
"f04aecf0-eb12-4ab9-928e-7bcf201b0b40",3477,2,3278,199,0.057233247,"MALY"
"f075dcdb-4b6a-4186-bfc5-c1787c4a14ac",14538,3,10386,4152,0.285596368,"MALY"
"f2c08ac1-4755-4c36-a11d-338d8df9fa0d",2963,2,2786,177,0.059736753,"MALY"
"f60007b3-0603-4ad1-8b47-d2d4c4c621e4",3776,2,3488,288,0.076271186,"MALY"
"f9837a56-7244-4846-a63d-266e6a92f168",4454,2,4130,324,0.072743601,"MALY"
"f9dc999f-6dde-448d-9cf1-2897ddcf7b0b",105833,2,96853,8980,0.084850661,"MALY"
"fce8d8c6-f2a0-43a8-9a7a-b9c519a6686c",42275,1,42275,0,0,"MALY"
"fdf7dfb7-9285-46b3-be60-672164507705",30806,2,28902,1904,0.061806142,"MALY"
