"tcga_id","Total_number_SNVs","Number_of_clusters","Number_of_clonal_SNVs","Number_of_subclonal_SNVs","Total_number_SNVs_CDS","Number_subclonal_SNVs_CDS","Subclonal_fraction","sML","cancer_type"
"TCGA-2K-A9WE",66,2,4,62,59,56,0.939393939,0.949152542,"KIRP"
"TCGA-2Z-A9J1",119,3,99,20,90,17,0.168067227,0.188888889,"KIRP"
"TCGA-2Z-A9J2",100,2,72,28,81,24,0.28,0.296296296,"KIRP"
"TCGA-2Z-A9J3",155,2,142,13,131,11,0.083870968,0.083969466,"KIRP"
"TCGA-2Z-A9J5",114,3,89,25,94,19,0.219298246,0.20212766,"KIRP"
"TCGA-2Z-A9J6",67,3,28,39,59,34,0.582089552,0.576271186,"KIRP"
"TCGA-2Z-A9J7",58,3,44,14,46,9,0.24137931,0.195652174,"KIRP"
"TCGA-2Z-A9J8",34,3,27,7,21,3,0.205882353,0.142857143,"KIRP"
"TCGA-2Z-A9JD",135,3,103,32,109,28,0.237037037,0.256880734,"KIRP"
"TCGA-2Z-A9JE",112,2,102,10,88,5,0.089285714,0.056818182,"KIRP"
"TCGA-2Z-A9JG",98,5,43,55,80,45,0.56122449,0.5625,"KIRP"
"TCGA-2Z-A9JK",96,3,75,21,80,17,0.21875,0.2125,"KIRP"
"TCGA-2Z-A9JL",118,5,30,88,94,71,0.745762712,0.755319149,"KIRP"
"TCGA-2Z-A9JN",26,5,5,21,22,17,0.807692308,0.772727273,"KIRP"
"TCGA-2Z-A9JO",46,4,7,39,38,33,0.847826087,0.868421053,"KIRP"
"TCGA-2Z-A9JP",74,4,31,43,55,32,0.581081081,0.581818182,"KIRP"
"TCGA-2Z-A9JQ",105,5,29,76,84,62,0.723809524,0.738095238,"KIRP"
"TCGA-2Z-A9JR",56,6,9,47,47,39,0.839285714,0.829787234,"KIRP"
"TCGA-2Z-A9JS",149,2,131,18,124,13,0.120805369,0.10483871,"KIRP"
"TCGA-2Z-A9JT",96,2,91,5,75,4,0.052083333,0.053333333,"KIRP"
"TCGA-4A-A93W",121,5,55,66,97,56,0.545454545,0.577319588,"KIRP"
"TCGA-4A-A93X",120,2,107,13,99,12,0.108333333,0.121212121,"KIRP"
"TCGA-4A-A93Y",39,2,2,37,30,29,0.948717949,0.966666667,"KIRP"
"TCGA-5P-A9JU",86,2,67,19,67,16,0.220930233,0.23880597,"KIRP"
"TCGA-5P-A9JV",74,3,56,18,64,12,0.243243243,0.1875,"KIRP"
"TCGA-5P-A9JW",105,2,98,7,84,6,0.066666667,0.071428571,"KIRP"
"TCGA-5P-A9JZ",56,2,49,7,47,7,0.125,0.14893617,"KIRP"
"TCGA-5P-A9K0",108,4,49,59,81,42,0.546296296,0.518518519,"KIRP"
"TCGA-5P-A9K2",92,4,38,54,75,40,0.586956522,0.533333333,"KIRP"
"TCGA-5P-A9K3",74,2,68,6,61,6,0.081081081,0.098360656,"KIRP"
"TCGA-5P-A9K6",60,2,54,6,50,4,0.1,0.08,"KIRP"
"TCGA-5P-A9KA",116,4,29,87,86,68,0.75,0.790697674,"KIRP"
"TCGA-5P-A9KC",101,3,79,22,78,14,0.217821782,0.179487179,"KIRP"
"TCGA-5P-A9KE",108,4,30,78,89,67,0.722222222,0.752808989,"KIRP"
"TCGA-5P-A9KH",34,4,19,15,28,11,0.441176471,0.392857143,"KIRP"
"TCGA-A4-7286",46,3,39,7,40,6,0.152173913,0.15,"KIRP"
"TCGA-A4-7287",51,3,39,12,46,10,0.235294118,0.217391304,"KIRP"
"TCGA-A4-7288",85,5,56,29,70,24,0.341176471,0.342857143,"KIRP"
"TCGA-A4-7583",418,2,58,360,363,308,0.861244019,0.848484848,"KIRP"
"TCGA-A4-7584",83,4,33,50,69,42,0.602409639,0.608695652,"KIRP"
"TCGA-A4-7585",91,4,19,72,74,57,0.791208791,0.77027027,"KIRP"
"TCGA-A4-7734",57,2,48,9,48,8,0.157894737,0.166666667,"KIRP"
"TCGA-A4-7828",31,4,6,25,29,23,0.806451613,0.793103448,"KIRP"
"TCGA-A4-7915",33,4,9,24,30,22,0.727272727,0.733333333,"KIRP"
"TCGA-A4-7996",92,3,78,14,79,11,0.152173913,0.139240506,"KIRP"
"TCGA-A4-7997",89,3,78,11,76,10,0.123595506,0.131578947,"KIRP"
"TCGA-A4-8098",94,3,82,12,78,9,0.127659574,0.115384615,"KIRP"
"TCGA-A4-8310",81,3,65,16,73,14,0.197530864,0.191780822,"KIRP"
"TCGA-A4-8311",66,5,33,33,49,21,0.5,0.428571429,"KIRP"
"TCGA-A4-8312",18,5,3,15,16,14,0.833333333,0.875,"KIRP"
"TCGA-A4-8515",59,4,42,17,54,15,0.288135593,0.277777778,"KIRP"
"TCGA-A4-8517",97,5,34,63,84,56,0.649484536,0.666666667,"KIRP"
"TCGA-A4-8630",62,1,62,0,51,0,0,0,"KIRP"
"TCGA-A4-A4ZT",62,4,14,48,52,41,0.774193548,0.788461538,"KIRP"
"TCGA-A4-A5XZ",80,3,66,14,66,12,0.175,0.181818182,"KIRP"
"TCGA-A4-A5Y0",72,2,68,4,60,4,0.055555556,0.066666667,"KIRP"
"TCGA-A4-A772",59,5,13,46,49,39,0.779661017,0.795918367,"KIRP"
"TCGA-AL-3466",40,3,15,25,33,20,0.625,0.606060606,"KIRP"
"TCGA-AL-3467",19,3,7,12,16,10,0.631578947,0.625,"KIRP"
"TCGA-AL-3468",95,3,67,28,88,27,0.294736842,0.306818182,"KIRP"
"TCGA-AL-3472",54,3,47,7,50,7,0.12962963,0.14,"KIRP"
"TCGA-AL-3473",55,2,44,11,49,11,0.2,0.224489796,"KIRP"
"TCGA-AL-7173",71,2,65,6,63,6,0.084507042,0.095238095,"KIRP"
"TCGA-AL-A5DJ",42,2,39,3,34,3,0.071428571,0.088235294,"KIRP"
"TCGA-AT-A5NU",75,6,34,41,65,35,0.546666667,0.538461538,"KIRP"
"TCGA-B1-5398",126,2,106,20,111,15,0.158730159,0.135135135,"KIRP"
"TCGA-B1-A47N",37,6,9,28,31,23,0.756756757,0.741935484,"KIRP"
"TCGA-B1-A47O",41,4,14,27,37,24,0.658536585,0.648648649,"KIRP"
"TCGA-B1-A654",73,2,67,6,61,3,0.082191781,0.049180328,"KIRP"
"TCGA-B1-A655",107,2,86,21,85,15,0.196261682,0.176470588,"KIRP"
"TCGA-B1-A657",99,4,16,83,80,68,0.838383838,0.85,"KIRP"
"TCGA-B3-3925",90,4,53,37,72,31,0.411111111,0.430555556,"KIRP"
"TCGA-B3-8121",36,3,20,16,30,14,0.444444444,0.466666667,"KIRP"
"TCGA-B9-4113",75,2,67,8,61,8,0.106666667,0.131147541,"KIRP"
"TCGA-B9-4114",83,2,75,8,79,8,0.096385542,0.101265823,"KIRP"
"TCGA-B9-4116",87,3,63,24,79,21,0.275862069,0.265822785,"KIRP"
"TCGA-B9-4117",46,1,46,0,41,0,0,0,"KIRP"
"TCGA-B9-4617",50,4,30,20,44,17,0.4,0.386363636,"KIRP"
"TCGA-B9-5155",116,3,96,20,101,17,0.172413793,0.168316832,"KIRP"
"TCGA-B9-5156",91,3,19,72,84,66,0.791208791,0.785714286,"KIRP"
"TCGA-B9-7268",67,5,33,34,58,28,0.507462687,0.482758621,"KIRP"
"TCGA-B9-A44B",145,3,115,30,119,27,0.206896552,0.226890756,"KIRP"
"TCGA-B9-A5W7",21,5,5,16,16,12,0.761904762,0.75,"KIRP"
"TCGA-B9-A5W8",50,3,32,18,44,15,0.36,0.340909091,"KIRP"
"TCGA-B9-A5W9",69,2,63,6,55,4,0.086956522,0.072727273,"KIRP"
"TCGA-B9-A69E",105,2,94,11,80,9,0.104761905,0.1125,"KIRP"
"TCGA-B9-A8YH",114,4,31,83,94,70,0.728070175,0.744680851,"KIRP"
"TCGA-B9-A8YI",132,2,120,12,102,9,0.090909091,0.088235294,"KIRP"
"TCGA-BQ-5875",73,2,65,8,67,7,0.109589041,0.104477612,"KIRP"
"TCGA-BQ-5876",87,2,81,6,74,6,0.068965517,0.081081081,"KIRP"
"TCGA-BQ-5877",76,3,57,19,70,18,0.25,0.257142857,"KIRP"
"TCGA-BQ-5878",115,3,80,35,103,32,0.304347826,0.310679612,"KIRP"
"TCGA-BQ-5879",26,4,8,18,22,15,0.692307692,0.681818182,"KIRP"
"TCGA-BQ-5880",50,3,20,30,47,29,0.6,0.617021277,"KIRP"
"TCGA-BQ-5881",41,3,31,10,40,10,0.243902439,0.25,"KIRP"
"TCGA-BQ-5882",71,1,71,0,62,0,0,0,"KIRP"
"TCGA-BQ-5883",25,2,4,21,24,20,0.84,0.833333333,"KIRP"
"TCGA-BQ-5884",48,4,11,37,44,35,0.770833333,0.795454545,"KIRP"
"TCGA-BQ-5885",120,2,108,12,108,12,0.1,0.111111111,"KIRP"
"TCGA-BQ-5886",67,6,13,54,60,47,0.805970149,0.783333333,"KIRP"
"TCGA-BQ-5887",24,2,22,2,19,1,0.083333333,0.052631579,"KIRP"
"TCGA-BQ-5888",25,2,12,13,22,11,0.52,0.5,"KIRP"
"TCGA-BQ-5889",66,2,52,14,60,11,0.212121212,0.183333333,"KIRP"
"TCGA-BQ-5890",94,3,82,12,84,11,0.127659574,0.130952381,"KIRP"
"TCGA-BQ-5891",35,5,15,20,30,18,0.571428571,0.6,"KIRP"
"TCGA-BQ-5892",61,4,33,28,54,25,0.459016393,0.462962963,"KIRP"
"TCGA-BQ-5893",53,2,50,3,46,2,0.056603774,0.043478261,"KIRP"
"TCGA-BQ-5894",30,2,14,16,26,12,0.533333333,0.461538462,"KIRP"
"TCGA-BQ-7044",390,3,67,323,339,282,0.828205128,0.831858407,"KIRP"
"TCGA-BQ-7045",112,5,20,92,95,77,0.821428571,0.810526316,"KIRP"
"TCGA-BQ-7046",106,2,29,77,95,68,0.726415094,0.715789474,"KIRP"
"TCGA-BQ-7048",254,2,81,173,220,153,0.681102362,0.695454545,"KIRP"
"TCGA-BQ-7050",30,6,5,25,28,24,0.833333333,0.857142857,"KIRP"
"TCGA-BQ-7051",132,5,52,80,122,75,0.606060606,0.614754098,"KIRP"
"TCGA-BQ-7053",190,4,32,158,172,144,0.831578947,0.837209302,"KIRP"
"TCGA-BQ-7055",14,3,6,8,11,7,0.571428571,0.636363636,"KIRP"
"TCGA-BQ-7058",86,3,70,16,66,9,0.186046512,0.136363636,"KIRP"
"TCGA-BQ-7059",277,2,63,214,234,181,0.772563177,0.773504274,"KIRP"
"TCGA-BQ-7060",349,2,29,320,287,264,0.916905444,0.919860627,"KIRP"
"TCGA-BQ-7061",109,5,23,86,93,74,0.788990826,0.795698925,"KIRP"
"TCGA-BQ-7062",58,3,10,48,46,37,0.827586207,0.804347826,"KIRP"
"TCGA-DW-5560",35,2,23,12,24,9,0.342857143,0.375,"KIRP"
"TCGA-DW-5561",47,5,20,27,37,19,0.574468085,0.513513514,"KIRP"
"TCGA-DW-7834",75,5,13,62,66,54,0.826666667,0.818181818,"KIRP"
"TCGA-DW-7836",49,2,42,7,45,6,0.142857143,0.133333333,"KIRP"
"TCGA-DW-7837",114,4,19,95,98,80,0.833333333,0.816326531,"KIRP"
"TCGA-DW-7838",101,2,11,90,83,75,0.891089109,0.903614458,"KIRP"
"TCGA-DW-7840",93,2,83,10,79,10,0.107526882,0.126582278,"KIRP"
"TCGA-DW-7841",50,3,12,38,44,32,0.76,0.727272727,"KIRP"
"TCGA-DW-7842",29,4,16,13,23,10,0.448275862,0.434782609,"KIRP"
"TCGA-DW-7963",29,4,11,18,25,16,0.620689655,0.64,"KIRP"
"TCGA-DZ-6134",53,3,16,37,48,36,0.698113208,0.75,"KIRP"
"TCGA-EV-5901",45,4,11,34,38,28,0.755555556,0.736842105,"KIRP"
"TCGA-EV-5902",80,2,72,8,69,6,0.1,0.086956522,"KIRP"
"TCGA-EV-5903",118,4,38,80,107,72,0.677966102,0.672897196,"KIRP"
"TCGA-F9-A4JJ",44,4,10,34,38,30,0.772727273,0.789473684,"KIRP"
"TCGA-F9-A7Q0",26,4,16,10,18,8,0.384615385,0.444444444,"KIRP"
"TCGA-F9-A7VF",96,2,82,14,77,12,0.145833333,0.155844156,"KIRP"
"TCGA-F9-A8NY",49,3,39,10,40,8,0.204081633,0.2,"KIRP"
"TCGA-F9-A97G",76,3,49,27,60,23,0.355263158,0.383333333,"KIRP"
"TCGA-G7-6789",49,2,23,26,43,22,0.530612245,0.511627907,"KIRP"
"TCGA-G7-6790",97,3,23,74,86,64,0.762886598,0.744186047,"KIRP"
"TCGA-G7-6792",69,3,20,49,55,37,0.710144928,0.672727273,"KIRP"
"TCGA-G7-6793",297,2,32,265,255,226,0.892255892,0.88627451,"KIRP"
"TCGA-G7-6795",270,4,41,229,224,190,0.848148148,0.848214286,"KIRP"
"TCGA-G7-6797",1175,2,65,1110,1018,959,0.944680851,0.942043222,"KIRP"
"TCGA-G7-7501",41,3,32,9,36,7,0.219512195,0.194444444,"KIRP"
"TCGA-G7-A4TM",43,4,32,11,37,9,0.255813953,0.243243243,"KIRP"
"TCGA-G7-A8LB",120,3,79,41,88,30,0.341666667,0.340909091,"KIRP"
"TCGA-G7-A8LC",20,3,14,6,14,6,0.3,0.428571429,"KIRP"
"TCGA-G7-A8LD",62,4,35,27,50,21,0.435483871,0.42,"KIRP"
"TCGA-G7-A8LE",93,2,87,6,74,4,0.064516129,0.054054054,"KIRP"
"TCGA-GL-6846",228,5,39,189,204,167,0.828947368,0.818627451,"KIRP"
"TCGA-GL-7773",138,2,131,7,122,5,0.050724638,0.040983607,"KIRP"
"TCGA-GL-7966",37,6,8,29,33,26,0.783783784,0.787878788,"KIRP"
"TCGA-GL-8500",92,2,87,5,75,3,0.054347826,0.04,"KIRP"
"TCGA-GL-A4EM",73,2,6,67,61,57,0.917808219,0.93442623,"KIRP"
"TCGA-GL-A9DC",125,1,125,0,95,0,0,0,"KIRP"
"TCGA-GL-A9DE",128,3,111,17,111,16,0.1328125,0.144144144,"KIRP"
"TCGA-HE-7128",389,2,20,369,333,317,0.948586118,0.951951952,"KIRP"
"TCGA-HE-7129",618,2,48,570,530,485,0.922330097,0.91509434,"KIRP"
"TCGA-HE-7130",487,4,173,314,432,277,0.64476386,0.641203704,"KIRP"
"TCGA-HE-A5NF",83,4,17,66,73,59,0.795180723,0.808219178,"KIRP"
"TCGA-HE-A5NI",121,5,41,80,96,63,0.661157025,0.65625,"KIRP"
"TCGA-HE-A5NJ",76,2,72,4,69,4,0.052631579,0.057971014,"KIRP"
"TCGA-HE-A5NK",110,4,17,93,90,76,0.845454545,0.844444444,"KIRP"
"TCGA-HE-A5NL",91,3,17,74,77,63,0.813186813,0.818181818,"KIRP"
"TCGA-IA-A40U",59,4,49,10,49,10,0.169491525,0.204081633,"KIRP"
"TCGA-IA-A40X",29,2,25,4,26,4,0.137931034,0.153846154,"KIRP"
"TCGA-IA-A40Y",98,2,49,49,87,45,0.5,0.517241379,"KIRP"
"TCGA-IA-A83S",157,4,24,133,132,113,0.847133758,0.856060606,"KIRP"
"TCGA-IA-A83W",90,4,16,74,74,60,0.822222222,0.810810811,"KIRP"
"TCGA-IZ-A6M8",104,4,17,87,83,70,0.836538462,0.843373494,"KIRP"
"TCGA-IZ-A6M9",74,4,46,28,65,26,0.378378378,0.4,"KIRP"
"TCGA-J7-6720",37,4,8,29,31,23,0.783783784,0.741935484,"KIRP"
"TCGA-KV-A6GE",60,2,53,7,45,4,0.116666667,0.088888889,"KIRP"
"TCGA-KV-A74V",31,3,15,16,23,11,0.516129032,0.47826087,"KIRP"
"TCGA-MH-A55W",94,4,27,67,83,60,0.712765957,0.722891566,"KIRP"
"TCGA-MH-A55Z",114,4,37,77,98,67,0.675438596,0.683673469,"KIRP"
"TCGA-MH-A562",76,5,14,62,68,56,0.815789474,0.823529412,"KIRP"
"TCGA-MH-A854",153,3,130,23,126,20,0.150326797,0.158730159,"KIRP"
"TCGA-MH-A855",37,4,8,29,32,26,0.783783784,0.8125,"KIRP"
"TCGA-MH-A856",89,3,76,13,65,8,0.146067416,0.123076923,"KIRP"
"TCGA-MH-A857",29,5,8,21,23,17,0.724137931,0.739130435,"KIRP"
"TCGA-O9-A75Z",28,5,10,18,23,13,0.642857143,0.565217391,"KIRP"
"TCGA-P4-A5E6",105,3,67,38,89,32,0.361904762,0.359550562,"KIRP"
"TCGA-P4-A5E7",110,2,9,101,94,86,0.918181818,0.914893617,"KIRP"
"TCGA-P4-A5E8",42,2,34,8,35,6,0.19047619,0.171428571,"KIRP"
"TCGA-P4-A5ED",17,4,5,12,15,10,0.705882353,0.666666667,"KIRP"
"TCGA-P4-AAVL",87,2,79,8,74,5,0.091954023,0.067567568,"KIRP"
"TCGA-P4-AAVM",74,4,20,54,60,44,0.72972973,0.733333333,"KIRP"
"TCGA-PJ-A5Z9",72,3,60,12,54,9,0.166666667,0.166666667,"KIRP"
"TCGA-Q2-A5QZ",83,4,25,58,69,50,0.698795181,0.724637681,"KIRP"
"TCGA-SX-A71R",60,2,57,3,50,2,0.05,0.04,"KIRP"
"TCGA-SX-A71S",169,4,86,83,135,71,0.49112426,0.525925926,"KIRP"
"TCGA-SX-A71U",116,2,99,17,92,12,0.146551724,0.130434783,"KIRP"
"TCGA-SX-A71V",134,1,134,0,115,0,0,0,"KIRP"
"TCGA-SX-A71W",48,5,16,32,36,26,0.666666667,0.722222222,"KIRP"
"TCGA-SX-A7SL",109,4,87,22,89,18,0.201834862,0.202247191,"KIRP"
"TCGA-SX-A7SM",86,3,73,13,74,11,0.151162791,0.148648649,"KIRP"
"TCGA-SX-A7SN",127,4,35,92,107,80,0.724409449,0.747663551,"KIRP"
"TCGA-SX-A7SO",54,2,48,6,50,6,0.111111111,0.12,"KIRP"
"TCGA-SX-A7SP",92,5,16,76,73,61,0.826086957,0.835616438,"KIRP"
"TCGA-SX-A7SQ",115,3,74,41,97,32,0.356521739,0.329896907,"KIRP"
"TCGA-SX-A7SR",107,4,30,77,78,56,0.719626168,0.717948718,"KIRP"
"TCGA-SX-A7SS",122,2,111,11,100,9,0.090163934,0.09,"KIRP"
"TCGA-SX-A7SU",56,4,19,37,44,29,0.660714286,0.659090909,"KIRP"
"TCGA-UN-AAZ9",32,3,15,17,24,13,0.53125,0.541666667,"KIRP"
"TCGA-UZ-A9PL",90,4,46,44,74,33,0.488888889,0.445945946,"KIRP"
"TCGA-UZ-A9PM",79,3,18,61,57,44,0.772151899,0.771929825,"KIRP"
"TCGA-UZ-A9PN",83,2,77,6,59,4,0.072289157,0.06779661,"KIRP"
"TCGA-UZ-A9PO",119,5,25,94,90,73,0.789915966,0.811111111,"KIRP"
"TCGA-UZ-A9PP",102,3,89,13,81,11,0.12745098,0.135802469,"KIRP"
"TCGA-UZ-A9PR",129,5,53,76,107,67,0.589147287,0.626168224,"KIRP"
"TCGA-UZ-A9PS",298,3,236,62,236,46,0.208053691,0.194915254,"KIRP"
"TCGA-UZ-A9PU",61,3,51,10,50,7,0.163934426,0.14,"KIRP"
"TCGA-UZ-A9PV",63,4,38,25,53,20,0.396825397,0.377358491,"KIRP"
"TCGA-UZ-A9PX",125,3,74,51,100,41,0.408,0.41,"KIRP"
"TCGA-UZ-A9PZ",65,3,54,11,54,8,0.169230769,0.148148148,"KIRP"
"TCGA-UZ-A9Q0",73,3,32,41,60,33,0.561643836,0.55,"KIRP"
"TCGA-UZ-A9Q1",102,2,93,9,84,6,0.088235294,0.071428571,"KIRP"
"TCGA-WN-A9G9",75,2,24,51,61,42,0.68,0.68852459,"KIRP"
"TCGA-WN-AB4C",118,1,118,0,91,0,0,0,"KIRP"
"TCGA-Y8-A894",97,2,89,8,75,5,0.082474227,0.066666667,"KIRP"
"TCGA-Y8-A895",131,2,118,13,96,9,0.099236641,0.09375,"KIRP"
"TCGA-Y8-A896",127,2,112,15,102,11,0.118110236,0.107843137,"KIRP"
"TCGA-Y8-A898",82,4,15,67,72,57,0.817073171,0.791666667,"KIRP"
"TCGA-Y8-A8RZ",83,3,65,18,66,11,0.21686747,0.166666667,"KIRP"
"TCGA-Y8-A8S1",69,3,19,50,60,43,0.724637681,0.716666667,"KIRP"
"TCGA-A4-7732",53,5,13,40,45,34,0.754716981,0.755555556,"KIRP"
"TCGA-A4-A6HP",119,5,20,99,97,81,0.831932773,0.835051546,"KIRP"
"TCGA-B1-A47M",109,2,14,95,92,79,0.871559633,0.858695652,"KIRP"
"TCGA-B3-4103",63,4,10,53,55,46,0.841269841,0.836363636,"KIRP"
"TCGA-B3-4104",99,3,84,15,86,12,0.151515152,0.139534884,"KIRP"
"TCGA-B3-A6W5",50,4,9,41,37,30,0.82,0.810810811,"KIRP"
"TCGA-B9-4115",71,5,17,54,60,44,0.76056338,0.733333333,"KIRP"
"TCGA-DZ-6133",728,2,99,629,636,546,0.864010989,0.858490566,"KIRP"
"TCGA-DZ-6135",92,3,20,72,79,60,0.782608696,0.759493671,"KIRP"
"TCGA-GL-A9DD",107,2,7,100,86,83,0.934579439,0.965116279,"KIRP"
"TCGA-IZ-8195",87,5,32,55,73,47,0.632183908,0.643835616,"KIRP"
"TCGA-IZ-8196",97,3,40,57,91,53,0.587628866,0.582417582,"KIRP"
"TCGA-KV-A6GD",81,3,20,61,72,56,0.75308642,0.777777778,"KIRP"
"TCGA-Y8-A8RY",80,5,21,59,62,43,0.7375,0.693548387,"KIRP"
"TCGA-Y8-A8S0",50,6,20,30,40,23,0.6,0.575,"KIRP"
