"tcga_id","Total_number_SNVs","Number_of_clusters","Number_of_clonal_SNVs","Number_of_subclonal_SNVs","Total_number_SNVs_CDS","Number_subclonal_SNVs_CDS","Subclonal_fraction","sML","cancer_type"
"TCGA-3C-AAAU",43,5,12,31,28,19,0.720930233,0.678571429,"BRCA"
"TCGA-3C-AALI",780,2,704,76,563,57,0.097435897,0.101243339,"BRCA"
"TCGA-3C-AALJ",64,3,53,11,39,4,0.171875,0.102564103,"BRCA"
"TCGA-3C-AALK",61,3,23,38,48,29,0.62295082,0.604166667,"BRCA"
"TCGA-5L-AAT0",265,3,98,167,192,126,0.630188679,0.65625,"BRCA"
"TCGA-5L-AAT1",1899,1,1899,0,1330,0,0,0,"BRCA"
"TCGA-5T-A9QA",81,2,44,37,66,32,0.456790123,0.484848485,"BRCA"
"TCGA-A1-A0SD",37,3,28,9,33,9,0.243243243,0.272727273,"BRCA"
"TCGA-A1-A0SE",34,3,17,17,34,17,0.5,0.5,"BRCA"
"TCGA-A1-A0SH",128,2,110,18,103,15,0.140625,0.145631068,"BRCA"
"TCGA-A1-A0SI",258,2,236,22,218,20,0.085271318,0.091743119,"BRCA"
"TCGA-A1-A0SJ",33,3,5,28,30,25,0.848484848,0.833333333,"BRCA"
"TCGA-A1-A0SK",71,4,53,18,60,17,0.253521127,0.283333333,"BRCA"
"TCGA-A1-A0SM",32,4,18,14,28,13,0.4375,0.464285714,"BRCA"
"TCGA-A1-A0SN",70,2,66,4,58,4,0.057142857,0.068965517,"BRCA"
"TCGA-A1-A0SO",344,4,115,229,306,208,0.665697674,0.679738562,"BRCA"
"TCGA-A1-A0SP",65,4,31,34,55,28,0.523076923,0.509090909,"BRCA"
"TCGA-A2-A04N",51,3,9,42,46,38,0.823529412,0.826086957,"BRCA"
"TCGA-A2-A04P",156,2,126,30,127,28,0.192307692,0.220472441,"BRCA"
"TCGA-A2-A04Q",68,2,29,39,58,32,0.573529412,0.551724138,"BRCA"
"TCGA-A2-A04R",95,2,84,11,82,6,0.115789474,0.073170732,"BRCA"
"TCGA-A2-A04T",102,2,92,10,87,10,0.098039216,0.114942529,"BRCA"
"TCGA-A2-A04U",60,4,43,17,55,15,0.283333333,0.272727273,"BRCA"
"TCGA-A2-A04V",37,3,30,7,27,6,0.189189189,0.222222222,"BRCA"
"TCGA-A2-A04W",175,2,161,14,151,11,0.08,0.072847682,"BRCA"
"TCGA-A2-A04X",47,3,14,33,34,25,0.70212766,0.735294118,"BRCA"
"TCGA-A2-A04Y",53,2,42,11,46,9,0.20754717,0.195652174,"BRCA"
"TCGA-A2-A0CL",191,2,16,175,168,154,0.916230366,0.916666667,"BRCA"
"TCGA-A2-A0CM",68,2,61,7,61,5,0.102941176,0.081967213,"BRCA"
"TCGA-A2-A0CQ",48,3,33,15,40,15,0.3125,0.375,"BRCA"
"TCGA-A2-A0CT",116,3,88,28,99,25,0.24137931,0.252525253,"BRCA"
"TCGA-A2-A0CU",55,4,24,31,44,26,0.563636364,0.590909091,"BRCA"
"TCGA-A2-A0CV",26,1,26,0,25,0,0,0,"BRCA"
"TCGA-A2-A0CW",83,3,72,11,69,11,0.13253012,0.15942029,"BRCA"
"TCGA-A2-A0CX",342,2,300,42,296,37,0.122807018,0.125,"BRCA"
"TCGA-A2-A0CZ",24,3,5,19,21,17,0.791666667,0.80952381,"BRCA"
"TCGA-A2-A0D0",105,2,81,24,86,22,0.228571429,0.255813953,"BRCA"
"TCGA-A2-A0D1",69,3,38,31,59,29,0.449275362,0.491525424,"BRCA"
"TCGA-A2-A0D2",102,3,75,27,89,24,0.264705882,0.269662921,"BRCA"
"TCGA-A2-A0D3",33,3,29,4,30,3,0.121212121,0.1,"BRCA"
"TCGA-A2-A0D4",39,4,8,31,37,30,0.794871795,0.810810811,"BRCA"
"TCGA-A2-A0EM",33,3,20,13,31,12,0.393939394,0.387096774,"BRCA"
"TCGA-A2-A0EO",42,3,20,22,37,20,0.523809524,0.540540541,"BRCA"
"TCGA-A2-A0EQ",309,2,158,151,273,143,0.488673139,0.523809524,"BRCA"
"TCGA-A2-A0ER",34,4,25,9,27,8,0.264705882,0.296296296,"BRCA"
"TCGA-A2-A0ES",19,2,3,16,18,15,0.842105263,0.833333333,"BRCA"
"TCGA-A2-A0ET",69,3,22,47,56,37,0.68115942,0.660714286,"BRCA"
"TCGA-A2-A0EU",51,3,41,10,51,10,0.196078431,0.196078431,"BRCA"
"TCGA-A2-A0EV",79,3,70,9,68,8,0.113924051,0.117647059,"BRCA"
"TCGA-A2-A0EX",34,3,21,13,30,12,0.382352941,0.4,"BRCA"
"TCGA-A2-A0EY",268,3,235,33,226,27,0.123134328,0.119469027,"BRCA"
"TCGA-A2-A0ST",27,2,5,22,27,22,0.814814815,0.814814815,"BRCA"
"TCGA-A2-A0SU",36,2,27,9,29,7,0.25,0.24137931,"BRCA"
"TCGA-A2-A0SV",44,3,34,10,39,9,0.227272727,0.230769231,"BRCA"
"TCGA-A2-A0SW",64,2,60,4,58,4,0.0625,0.068965517,"BRCA"
"TCGA-A2-A0SX",37,4,22,15,27,11,0.405405405,0.407407407,"BRCA"
"TCGA-A2-A0SY",164,4,113,51,142,40,0.31097561,0.281690141,"BRCA"
"TCGA-A2-A0T0",209,3,162,47,180,39,0.224880383,0.216666667,"BRCA"
"TCGA-A2-A0T1",31,2,28,3,28,3,0.096774194,0.107142857,"BRCA"
"TCGA-A2-A0T2",33,3,27,6,24,2,0.181818182,0.083333333,"BRCA"
"TCGA-A2-A0T3",39,2,35,4,36,4,0.102564103,0.111111111,"BRCA"
"TCGA-A2-A0T6",27,2,23,4,24,4,0.148148148,0.166666667,"BRCA"
"TCGA-A2-A0T7",29,3,7,22,25,19,0.75862069,0.76,"BRCA"
"TCGA-A2-A0YC",29,3,14,15,22,12,0.517241379,0.545454545,"BRCA"
"TCGA-A2-A0YD",85,3,39,46,72,41,0.541176471,0.569444444,"BRCA"
"TCGA-A2-A0YE",45,3,35,10,37,8,0.222222222,0.216216216,"BRCA"
"TCGA-A2-A0YF",40,2,28,12,30,10,0.3,0.333333333,"BRCA"
"TCGA-A2-A0YG",74,2,63,11,66,9,0.148648649,0.136363636,"BRCA"
"TCGA-A2-A0YH",96,1,96,0,81,0,0,0,"BRCA"
"TCGA-A2-A0YI",16,2,15,1,13,1,0.0625,0.076923077,"BRCA"
"TCGA-A2-A0YJ",97,3,59,38,91,36,0.391752577,0.395604396,"BRCA"
"TCGA-A2-A0YK",460,1,460,0,399,0,0,0,"BRCA"
"TCGA-A2-A0YL",43,2,7,36,36,31,0.837209302,0.861111111,"BRCA"
"TCGA-A2-A0YM",109,3,89,20,93,17,0.183486239,0.182795699,"BRCA"
"TCGA-A2-A0YT",73,2,69,4,63,4,0.054794521,0.063492063,"BRCA"
"TCGA-A2-A1FV",46,2,36,10,42,10,0.217391304,0.238095238,"BRCA"
"TCGA-A2-A1FW",87,2,78,9,77,9,0.103448276,0.116883117,"BRCA"
"TCGA-A2-A1G4",37,3,30,7,33,6,0.189189189,0.181818182,"BRCA"
"TCGA-A2-A259",26,3,12,14,21,9,0.538461538,0.428571429,"BRCA"
"TCGA-A2-A25A",395,2,372,23,364,23,0.058227848,0.063186813,"BRCA"
"TCGA-A2-A25B",128,2,95,33,115,29,0.2578125,0.252173913,"BRCA"
"TCGA-A2-A25C",45,3,28,17,39,15,0.377777778,0.384615385,"BRCA"
"TCGA-A2-A25D",65,2,55,10,56,9,0.153846154,0.160714286,"BRCA"
"TCGA-A2-A25E",61,2,53,8,52,6,0.131147541,0.115384615,"BRCA"
"TCGA-A2-A3XU",29,4,11,18,17,10,0.620689655,0.588235294,"BRCA"
"TCGA-A2-A3XV",49,2,45,4,37,3,0.081632653,0.081081081,"BRCA"
"TCGA-A2-A3XW",17,2,2,15,8,8,0.882352941,1,"BRCA"
"TCGA-A2-A3XX",50,1,50,0,35,0,0,0,"BRCA"
"TCGA-A2-A3Y0",234,2,212,22,173,17,0.094017094,0.098265896,"BRCA"
"TCGA-A2-A4S1",92,2,71,21,68,17,0.22826087,0.25,"BRCA"
"TCGA-A2-A4S2",39,2,36,3,30,3,0.076923077,0.1,"BRCA"
"TCGA-A2-A4S3",107,2,90,17,77,14,0.158878505,0.181818182,"BRCA"
"TCGA-A7-A0CD",34,3,23,11,28,10,0.323529412,0.357142857,"BRCA"
"TCGA-A7-A0CE",136,3,111,25,114,23,0.183823529,0.201754386,"BRCA"
"TCGA-A7-A0CG",66,2,39,27,57,22,0.409090909,0.385964912,"BRCA"
"TCGA-A7-A0CH",38,4,22,16,34,16,0.421052632,0.470588235,"BRCA"
"TCGA-A7-A0CJ",70,4,53,17,61,16,0.242857143,0.262295082,"BRCA"
"TCGA-A7-A0D9",32,5,19,13,28,12,0.40625,0.428571429,"BRCA"
"TCGA-A7-A0DA",183,3,153,30,147,20,0.163934426,0.136054422,"BRCA"
"TCGA-A7-A13D",137,2,126,11,94,10,0.080291971,0.106382979,"BRCA"
"TCGA-A7-A13F",42,3,32,10,34,7,0.238095238,0.205882353,"BRCA"
"TCGA-A7-A13G",31,2,28,3,26,2,0.096774194,0.076923077,"BRCA"
"TCGA-A7-A26E",61,2,56,5,46,4,0.081967213,0.086956522,"BRCA"
"TCGA-A7-A26F",49,3,33,16,43,14,0.326530612,0.325581395,"BRCA"
"TCGA-A7-A26G",62,2,58,4,55,4,0.064516129,0.072727273,"BRCA"
"TCGA-A7-A26I",41,2,38,3,37,3,0.073170732,0.081081081,"BRCA"
"TCGA-A7-A2KD",51,2,48,3,36,2,0.058823529,0.055555556,"BRCA"
"TCGA-A7-A3RF",60,2,20,40,47,30,0.666666667,0.638297872,"BRCA"
"TCGA-A7-A4SD",68,2,60,8,47,6,0.117647059,0.127659574,"BRCA"
"TCGA-A7-A4SE",143,2,128,15,100,12,0.104895105,0.12,"BRCA"
"TCGA-A7-A56D",224,2,194,30,163,24,0.133928571,0.147239264,"BRCA"
"TCGA-A7-A5ZV",246,2,232,14,181,9,0.056910569,0.049723757,"BRCA"
"TCGA-A7-A5ZX",43,2,16,27,33,20,0.627906977,0.606060606,"BRCA"
"TCGA-A7-A6VX",171,2,129,42,124,29,0.245614035,0.233870968,"BRCA"
"TCGA-A7-A6VY",144,2,118,26,112,23,0.180555556,0.205357143,"BRCA"
"TCGA-A8-A06N",49,3,26,23,40,21,0.469387755,0.525,"BRCA"
"TCGA-A8-A06O",72,4,20,52,62,45,0.722222222,0.725806452,"BRCA"
"TCGA-A8-A06Q",293,2,223,70,252,63,0.23890785,0.25,"BRCA"
"TCGA-A8-A06R",70,2,64,6,53,4,0.085714286,0.075471698,"BRCA"
"TCGA-A8-A06T",33,2,31,2,25,0,0.060606061,0,"BRCA"
"TCGA-A8-A06U",90,3,78,12,74,12,0.133333333,0.162162162,"BRCA"
"TCGA-A8-A06X",257,2,224,33,216,28,0.128404669,0.12962963,"BRCA"
"TCGA-A8-A06Y",37,4,27,10,28,8,0.27027027,0.285714286,"BRCA"
"TCGA-A8-A06Z",94,4,23,71,77,57,0.755319149,0.74025974,"BRCA"
"TCGA-A8-A075",96,3,81,15,83,11,0.15625,0.13253012,"BRCA"
"TCGA-A8-A076",94,3,56,38,79,33,0.404255319,0.417721519,"BRCA"
"TCGA-A8-A079",88,3,36,52,75,47,0.590909091,0.626666667,"BRCA"
"TCGA-A8-A07B",78,3,64,14,69,13,0.179487179,0.188405797,"BRCA"
"TCGA-A8-A07E",70,3,46,24,61,22,0.342857143,0.360655738,"BRCA"
"TCGA-A8-A07G",75,3,34,41,66,36,0.546666667,0.545454545,"BRCA"
"TCGA-A8-A07I",51,3,42,9,41,9,0.176470588,0.219512195,"BRCA"
"TCGA-A8-A07J",48,3,21,27,40,22,0.5625,0.55,"BRCA"
"TCGA-A8-A07O",53,2,49,4,45,4,0.075471698,0.088888889,"BRCA"
"TCGA-A8-A07P",62,3,47,15,53,12,0.241935484,0.226415094,"BRCA"
"TCGA-A8-A07U",83,2,78,5,78,5,0.060240964,0.064102564,"BRCA"
"TCGA-A8-A07W",172,5,35,137,142,111,0.796511628,0.781690141,"BRCA"
"TCGA-A8-A07Z",22,4,5,17,18,13,0.772727273,0.722222222,"BRCA"
"TCGA-A8-A081",131,4,48,83,100,64,0.633587786,0.64,"BRCA"
"TCGA-A8-A082",23,3,17,6,21,5,0.260869565,0.238095238,"BRCA"
"TCGA-A8-A083",25,5,12,13,24,13,0.52,0.541666667,"BRCA"
"TCGA-A8-A084",80,2,73,7,64,5,0.0875,0.078125,"BRCA"
"TCGA-A8-A085",80,4,64,16,71,14,0.2,0.197183099,"BRCA"
"TCGA-A8-A086",22,3,12,10,19,7,0.454545455,0.368421053,"BRCA"
"TCGA-A8-A08A",24,3,16,8,21,7,0.333333333,0.333333333,"BRCA"
"TCGA-A8-A08F",166,3,86,80,139,63,0.481927711,0.45323741,"BRCA"
"TCGA-A8-A08G",61,3,42,19,49,15,0.31147541,0.306122449,"BRCA"
"TCGA-A8-A08H",166,4,43,123,147,111,0.740963855,0.755102041,"BRCA"
"TCGA-A8-A08I",47,4,9,38,40,33,0.808510638,0.825,"BRCA"
"TCGA-A8-A08J",44,4,15,29,36,24,0.659090909,0.666666667,"BRCA"
"TCGA-A8-A08L",262,2,236,26,220,23,0.099236641,0.104545455,"BRCA"
"TCGA-A8-A08O",26,1,26,0,23,0,0,0,"BRCA"
"TCGA-A8-A08R",316,2,183,133,273,124,0.420886076,0.454212454,"BRCA"
"TCGA-A8-A08S",63,5,22,41,54,35,0.650793651,0.648148148,"BRCA"
"TCGA-A8-A08T",51,5,12,39,40,29,0.764705882,0.725,"BRCA"
"TCGA-A8-A08X",43,2,35,8,40,8,0.186046512,0.2,"BRCA"
"TCGA-A8-A08Z",40,3,30,10,32,9,0.25,0.28125,"BRCA"
"TCGA-A8-A090",44,2,41,3,38,3,0.068181818,0.078947368,"BRCA"
"TCGA-A8-A091",25,2,19,6,22,6,0.24,0.272727273,"BRCA"
"TCGA-A8-A092",82,3,59,23,73,19,0.280487805,0.260273973,"BRCA"
"TCGA-A8-A093",126,2,114,12,111,12,0.095238095,0.108108108,"BRCA"
"TCGA-A8-A094",225,2,213,12,191,11,0.053333333,0.057591623,"BRCA"
"TCGA-A8-A095",201,2,158,43,154,35,0.213930348,0.227272727,"BRCA"
"TCGA-A8-A096",33,3,27,6,27,5,0.181818182,0.185185185,"BRCA"
"TCGA-A8-A097",122,3,98,24,106,21,0.196721311,0.198113208,"BRCA"
"TCGA-A8-A099",34,3,24,10,28,10,0.294117647,0.357142857,"BRCA"
"TCGA-A8-A09A",279,2,144,135,234,115,0.483870968,0.491452991,"BRCA"
"TCGA-A8-A09B",57,3,37,20,49,17,0.350877193,0.346938776,"BRCA"
"TCGA-A8-A09C",44,3,13,31,38,25,0.704545455,0.657894737,"BRCA"
"TCGA-A8-A09D",54,4,14,40,48,37,0.740740741,0.770833333,"BRCA"
"TCGA-A8-A09E",69,5,17,52,54,38,0.753623188,0.703703704,"BRCA"
"TCGA-A8-A09G",341,5,147,194,278,157,0.568914956,0.564748201,"BRCA"
"TCGA-A8-A09I",176,3,133,43,152,40,0.244318182,0.263157895,"BRCA"
"TCGA-A8-A09K",45,3,31,14,40,12,0.311111111,0.3,"BRCA"
"TCGA-A8-A09M",175,4,51,124,157,113,0.708571429,0.719745223,"BRCA"
"TCGA-A8-A09N",96,2,88,8,77,6,0.083333333,0.077922078,"BRCA"
"TCGA-A8-A09Q",187,3,75,112,161,101,0.598930481,0.627329193,"BRCA"
"TCGA-A8-A09R",74,2,52,22,64,17,0.297297297,0.265625,"BRCA"
"TCGA-A8-A09T",24,3,19,5,21,5,0.208333333,0.238095238,"BRCA"
"TCGA-A8-A09W",100,3,76,24,77,21,0.24,0.272727273,"BRCA"
"TCGA-A8-A09X",67,2,61,6,58,6,0.089552239,0.103448276,"BRCA"
"TCGA-A8-A09Z",1391,2,1288,103,1155,84,0.074047448,0.072727273,"BRCA"
"TCGA-A8-A0A1",53,3,33,20,47,17,0.377358491,0.361702128,"BRCA"
"TCGA-A8-A0A2",53,4,37,16,41,15,0.301886792,0.365853659,"BRCA"
"TCGA-A8-A0A4",35,3,30,5,28,4,0.142857143,0.142857143,"BRCA"
"TCGA-A8-A0A6",38,3,21,17,32,16,0.447368421,0.5,"BRCA"
"TCGA-A8-A0A7",282,3,61,221,235,188,0.783687943,0.8,"BRCA"
"TCGA-A8-A0A9",62,2,50,12,59,12,0.193548387,0.203389831,"BRCA"
"TCGA-A8-A0AD",35,2,33,2,27,1,0.057142857,0.037037037,"BRCA"
"TCGA-AC-A23C",133,2,97,36,119,29,0.270676692,0.243697479,"BRCA"
"TCGA-AC-A23H",5889,1,5889,0,5013,0,0,0,"BRCA"
"TCGA-AC-A2BK",109,2,99,10,77,7,0.091743119,0.090909091,"BRCA"
"TCGA-AC-A2FO",28,3,15,13,23,11,0.464285714,0.47826087,"BRCA"
"TCGA-AC-A2QH",28,4,8,20,26,20,0.714285714,0.769230769,"BRCA"
"TCGA-AC-A3OD",38,3,23,15,28,10,0.394736842,0.357142857,"BRCA"
"TCGA-AC-A3QQ",34,3,12,22,27,16,0.647058824,0.592592593,"BRCA"
"TCGA-AC-A3YI",20,2,3,17,16,14,0.85,0.875,"BRCA"
"TCGA-AC-A3YJ",36,4,15,21,23,11,0.583333333,0.47826087,"BRCA"
"TCGA-AC-A4ZE",72,3,59,13,47,9,0.180555556,0.191489362,"BRCA"
"TCGA-AC-A5EH",200,2,116,84,150,66,0.42,0.44,"BRCA"
"TCGA-AC-A5XU",106,4,34,72,74,50,0.679245283,0.675675676,"BRCA"
"TCGA-AC-A62V",100,2,94,6,77,6,0.06,0.077922078,"BRCA"
"TCGA-AC-A62X",79,2,71,8,59,4,0.101265823,0.06779661,"BRCA"
"TCGA-AC-A6IW",238,2,167,71,169,52,0.298319328,0.307692308,"BRCA"
"TCGA-AC-A6IX",85,2,50,35,65,28,0.411764706,0.430769231,"BRCA"
"TCGA-AC-A6NO",43,4,10,33,33,24,0.76744186,0.727272727,"BRCA"
"TCGA-AC-A7VB",36,3,28,8,25,4,0.222222222,0.16,"BRCA"
"TCGA-AC-A8OP",233,1,233,0,162,0,0,0,"BRCA"
"TCGA-AC-A8OR",90,4,15,75,69,57,0.833333333,0.826086957,"BRCA"
"TCGA-AN-A03Y",38,2,36,2,36,2,0.052631579,0.055555556,"BRCA"
"TCGA-AN-A041",40,2,25,15,34,12,0.375,0.352941176,"BRCA"
"TCGA-AN-A046",7120,2,2320,4800,6231,4247,0.674157303,0.68159204,"BRCA"
"TCGA-AN-A049",34,4,24,10,31,10,0.294117647,0.322580645,"BRCA"
"TCGA-AN-A04A",56,3,34,22,50,22,0.392857143,0.44,"BRCA"
"TCGA-AN-A04C",90,2,56,34,77,28,0.377777778,0.363636364,"BRCA"
"TCGA-AN-A04D",107,3,90,17,96,17,0.158878505,0.177083333,"BRCA"
"TCGA-AN-A0AJ",107,3,91,16,89,15,0.14953271,0.168539326,"BRCA"
"TCGA-AN-A0AK",1403,4,995,408,1180,344,0.290805417,0.291525424,"BRCA"
"TCGA-AN-A0AL",93,4,57,36,74,27,0.387096774,0.364864865,"BRCA"
"TCGA-AN-A0AM",112,3,30,82,103,77,0.732142857,0.747572816,"BRCA"
"TCGA-AN-A0AR",144,3,113,31,117,29,0.215277778,0.247863248,"BRCA"
"TCGA-AN-A0AS",42,2,30,12,34,10,0.285714286,0.294117647,"BRCA"
"TCGA-AN-A0AT",135,2,113,22,125,20,0.162962963,0.16,"BRCA"
"TCGA-AN-A0FD",40,3,20,20,37,18,0.5,0.486486486,"BRCA"
"TCGA-AN-A0FF",25,5,8,17,22,15,0.68,0.681818182,"BRCA"
"TCGA-AN-A0FJ",114,3,95,19,87,11,0.166666667,0.126436782,"BRCA"
"TCGA-AN-A0FK",51,3,39,12,47,11,0.235294118,0.234042553,"BRCA"
"TCGA-AN-A0FL",189,3,160,29,164,27,0.153439153,0.164634146,"BRCA"
"TCGA-AN-A0FN",53,5,8,45,46,38,0.849056604,0.826086957,"BRCA"
"TCGA-AN-A0FS",86,4,36,50,76,46,0.581395349,0.605263158,"BRCA"
"TCGA-AN-A0FV",110,4,79,31,97,29,0.281818182,0.298969072,"BRCA"
"TCGA-AN-A0FW",146,3,119,27,121,23,0.184931507,0.190082645,"BRCA"
"TCGA-AN-A0FX",143,2,134,9,125,6,0.062937063,0.048,"BRCA"
"TCGA-AN-A0FY",58,3,50,8,52,7,0.137931034,0.134615385,"BRCA"
"TCGA-AN-A0G0",44,3,35,9,35,6,0.204545455,0.171428571,"BRCA"
"TCGA-AN-A0XL",43,3,27,16,35,14,0.372093023,0.4,"BRCA"
"TCGA-AN-A0XN",178,3,127,51,158,47,0.286516854,0.297468354,"BRCA"
"TCGA-AN-A0XO",42,3,32,10,36,10,0.238095238,0.277777778,"BRCA"
"TCGA-AN-A0XP",32,3,28,4,25,4,0.125,0.16,"BRCA"
"TCGA-AN-A0XR",36,2,33,3,30,2,0.083333333,0.066666667,"BRCA"
"TCGA-AN-A0XS",32,3,21,11,26,8,0.34375,0.307692308,"BRCA"
"TCGA-AN-A0XU",133,3,111,22,113,21,0.165413534,0.185840708,"BRCA"
"TCGA-AN-A0XV",45,3,34,11,36,11,0.244444444,0.305555556,"BRCA"
"TCGA-AO-A03L",31,2,19,12,26,10,0.387096774,0.384615385,"BRCA"
"TCGA-AO-A03M",1106,3,175,931,957,820,0.841772152,0.856844305,"BRCA"
"TCGA-AO-A03N",123,2,115,8,108,8,0.06504065,0.074074074,"BRCA"
"TCGA-AO-A03O",82,4,59,23,71,20,0.280487805,0.281690141,"BRCA"
"TCGA-AO-A03P",55,3,46,9,43,5,0.163636364,0.11627907,"BRCA"
"TCGA-AO-A03R",56,3,36,20,49,16,0.357142857,0.326530612,"BRCA"
"TCGA-AO-A03T",110,4,34,76,95,65,0.690909091,0.684210526,"BRCA"
"TCGA-AO-A03V",66,3,56,10,54,6,0.151515152,0.111111111,"BRCA"
"TCGA-AO-A0J2",76,2,66,10,60,7,0.131578947,0.116666667,"BRCA"
"TCGA-AO-A0J3",91,3,69,22,80,19,0.241758242,0.2375,"BRCA"
"TCGA-AO-A0J4",143,2,108,35,126,32,0.244755245,0.253968254,"BRCA"
"TCGA-AO-A0J5",78,3,20,58,65,49,0.743589744,0.753846154,"BRCA"
"TCGA-AO-A0J6",127,3,108,19,99,15,0.149606299,0.151515152,"BRCA"
"TCGA-AO-A0J7",23,2,19,4,19,4,0.173913043,0.210526316,"BRCA"
"TCGA-AO-A0J8",31,3,22,9,24,6,0.290322581,0.25,"BRCA"
"TCGA-AO-A0J9",156,2,134,22,133,19,0.141025641,0.142857143,"BRCA"
"TCGA-AO-A0JA",30,2,26,4,25,3,0.133333333,0.12,"BRCA"
"TCGA-AO-A0JC",196,2,11,185,173,162,0.943877551,0.936416185,"BRCA"
"TCGA-AO-A0JD",130,2,111,19,114,16,0.146153846,0.140350877,"BRCA"
"TCGA-AO-A0JE",55,3,42,13,51,12,0.236363636,0.235294118,"BRCA"
"TCGA-AO-A0JF",32,3,22,10,30,9,0.3125,0.3,"BRCA"
"TCGA-AO-A0JI",17,5,5,12,14,9,0.705882353,0.642857143,"BRCA"
"TCGA-AO-A0JJ",18,2,13,5,16,4,0.277777778,0.25,"BRCA"
"TCGA-AO-A0JM",50,2,45,5,41,4,0.1,0.097560976,"BRCA"
"TCGA-AO-A124",170,2,152,18,135,11,0.105882353,0.081481481,"BRCA"
"TCGA-AO-A125",41,4,27,14,37,12,0.341463415,0.324324324,"BRCA"
"TCGA-AO-A126",25,2,23,2,21,2,0.08,0.095238095,"BRCA"
"TCGA-AO-A128",1163,1,1163,0,1057,0,0,0,"BRCA"
"TCGA-AO-A129",146,2,137,9,128,6,0.061643836,0.046875,"BRCA"
"TCGA-AO-A12B",23,3,10,13,19,10,0.565217391,0.526315789,"BRCA"
"TCGA-AO-A12D",70,3,58,12,67,12,0.171428571,0.179104478,"BRCA"
"TCGA-AO-A12F",35,2,30,5,30,4,0.142857143,0.133333333,"BRCA"
"TCGA-AO-A12G",41,2,35,6,34,5,0.146341463,0.147058824,"BRCA"
"TCGA-AO-A12H",29,5,5,24,22,17,0.827586207,0.772727273,"BRCA"
"TCGA-AO-A1KP",25,2,22,3,20,3,0.12,0.15,"BRCA"
"TCGA-AO-A1KS",53,2,50,3,42,2,0.056603774,0.047619048,"BRCA"
"TCGA-AO-A1KT",48,2,38,10,45,9,0.208333333,0.2,"BRCA"
"TCGA-AQ-A0Y5",69,2,60,9,63,8,0.130434783,0.126984127,"BRCA"
"TCGA-AQ-A1H2",30,2,26,4,24,3,0.133333333,0.125,"BRCA"
"TCGA-AQ-A54O",26,4,6,20,22,18,0.769230769,0.818181818,"BRCA"
"TCGA-AR-A0TP",67,4,52,15,57,12,0.223880597,0.210526316,"BRCA"
"TCGA-AR-A0TS",93,2,77,16,81,15,0.172043011,0.185185185,"BRCA"
"TCGA-AR-A0TT",70,2,65,5,60,5,0.071428571,0.083333333,"BRCA"
"TCGA-AR-A0TV",72,1,72,0,61,0,0,0,"BRCA"
"TCGA-AR-A0TW",58,2,54,4,51,3,0.068965517,0.058823529,"BRCA"
"TCGA-AR-A0TX",389,2,339,50,335,46,0.128534704,0.137313433,"BRCA"
"TCGA-AR-A0TY",107,4,47,60,90,53,0.560747664,0.588888889,"BRCA"
"TCGA-AR-A0TZ",65,2,59,6,60,6,0.092307692,0.1,"BRCA"
"TCGA-AR-A0U1",105,1,105,0,90,0,0,0,"BRCA"
"TCGA-AR-A0U2",56,2,53,3,47,3,0.053571429,0.063829787,"BRCA"
"TCGA-AR-A0U3",41,4,24,17,36,13,0.414634146,0.361111111,"BRCA"
"TCGA-AR-A0U4",195,3,131,64,166,54,0.328205128,0.325301205,"BRCA"
"TCGA-AR-A1AH",108,2,100,8,90,8,0.074074074,0.088888889,"BRCA"
"TCGA-AR-A1AI",86,2,72,14,79,14,0.162790698,0.17721519,"BRCA"
"TCGA-AR-A1AJ",50,2,29,21,43,18,0.42,0.418604651,"BRCA"
"TCGA-AR-A1AK",76,2,71,5,65,4,0.065789474,0.061538462,"BRCA"
"TCGA-AR-A1AL",32,2,28,4,27,3,0.125,0.111111111,"BRCA"
"TCGA-AR-A1AN",27,4,21,6,21,6,0.222222222,0.285714286,"BRCA"
"TCGA-AR-A1AO",116,2,7,109,108,103,0.939655172,0.953703704,"BRCA"
"TCGA-AR-A1AP",52,2,49,3,35,1,0.057692308,0.028571429,"BRCA"
"TCGA-AR-A1AQ",43,3,27,16,40,16,0.372093023,0.4,"BRCA"
"TCGA-AR-A1AR",60,2,51,9,50,9,0.15,0.18,"BRCA"
"TCGA-AR-A1AS",40,3,30,10,34,8,0.25,0.235294118,"BRCA"
"TCGA-AR-A1AV",48,2,42,6,41,6,0.125,0.146341463,"BRCA"
"TCGA-AR-A1AW",37,2,15,22,34,19,0.594594595,0.558823529,"BRCA"
"TCGA-AR-A1AX",33,2,7,26,30,24,0.787878788,0.8,"BRCA"
"TCGA-AR-A1AY",70,3,49,21,63,20,0.3,0.317460317,"BRCA"
"TCGA-AR-A24L",56,3,37,19,51,18,0.339285714,0.352941176,"BRCA"
"TCGA-AR-A24N",45,2,30,15,40,13,0.333333333,0.325,"BRCA"
"TCGA-AR-A24O",25,2,11,14,22,13,0.56,0.590909091,"BRCA"
"TCGA-AR-A24Q",228,2,177,51,192,41,0.223684211,0.213541667,"BRCA"
"TCGA-AR-A24X",31,3,23,8,27,6,0.258064516,0.222222222,"BRCA"
"TCGA-AR-A251",193,2,174,19,167,15,0.098445596,0.089820359,"BRCA"
"TCGA-AR-A252",18,3,3,15,17,15,0.833333333,0.882352941,"BRCA"
"TCGA-AR-A254",46,1,46,0,40,0,0,0,"BRCA"
"TCGA-AR-A256",219,2,182,37,180,28,0.168949772,0.155555556,"BRCA"
"TCGA-AR-A2LE",379,2,328,51,329,46,0.134564644,0.139817629,"BRCA"
"TCGA-AR-A2LH",72,2,4,68,67,64,0.944444444,0.955223881,"BRCA"
"TCGA-AR-A2LL",34,2,32,2,32,2,0.058823529,0.0625,"BRCA"
"TCGA-AR-A2LM",16,2,15,1,12,1,0.0625,0.083333333,"BRCA"
"TCGA-AR-A2LN",52,2,49,3,45,2,0.057692308,0.044444444,"BRCA"
"TCGA-AR-A2LR",68,2,62,6,61,6,0.088235294,0.098360656,"BRCA"
"TCGA-AR-A5QN",45,2,25,20,34,16,0.444444444,0.470588235,"BRCA"
"TCGA-AR-A5QQ",94,2,6,88,73,68,0.936170213,0.931506849,"BRCA"
"TCGA-B6-A0I1",77,3,54,23,58,18,0.298701299,0.310344828,"BRCA"
"TCGA-B6-A0I2",73,3,61,12,64,11,0.164383562,0.171875,"BRCA"
"TCGA-B6-A0I5",32,3,23,9,28,8,0.28125,0.285714286,"BRCA"
"TCGA-B6-A0I8",143,2,122,21,121,20,0.146853147,0.165289256,"BRCA"
"TCGA-B6-A0I9",100,3,81,19,76,12,0.19,0.157894737,"BRCA"
"TCGA-B6-A0IA",40,3,22,18,33,14,0.45,0.424242424,"BRCA"
"TCGA-B6-A0IB",88,4,21,67,71,56,0.761363636,0.788732394,"BRCA"
"TCGA-B6-A0IC",37,5,24,13,32,13,0.351351351,0.40625,"BRCA"
"TCGA-B6-A0IE",41,3,23,18,31,15,0.43902439,0.483870968,"BRCA"
"TCGA-B6-A0IG",41,3,28,13,35,9,0.317073171,0.257142857,"BRCA"
"TCGA-B6-A0IH",41,2,38,3,39,3,0.073170732,0.076923077,"BRCA"
"TCGA-B6-A0IJ",160,2,141,19,145,18,0.11875,0.124137931,"BRCA"
"TCGA-B6-A0IK",194,2,176,18,155,14,0.092783505,0.090322581,"BRCA"
"TCGA-B6-A0IM",37,3,32,5,30,5,0.135135135,0.166666667,"BRCA"
"TCGA-B6-A0IN",48,3,21,27,33,22,0.5625,0.666666667,"BRCA"
"TCGA-B6-A0IO",80,2,64,16,69,15,0.2,0.217391304,"BRCA"
"TCGA-B6-A0IP",49,3,14,35,37,28,0.714285714,0.756756757,"BRCA"
"TCGA-B6-A0IQ",79,4,36,43,73,41,0.544303797,0.561643836,"BRCA"
"TCGA-B6-A0RE",194,2,90,104,166,91,0.536082474,0.548192771,"BRCA"
"TCGA-B6-A0RG",80,4,43,37,67,31,0.4625,0.462686567,"BRCA"
"TCGA-B6-A0RH",43,2,40,3,39,3,0.069767442,0.076923077,"BRCA"
"TCGA-B6-A0RI",26,3,18,8,17,6,0.307692308,0.352941176,"BRCA"
"TCGA-B6-A0RL",64,4,31,33,56,27,0.515625,0.482142857,"BRCA"
"TCGA-B6-A0RM",36,3,25,11,32,10,0.305555556,0.3125,"BRCA"
"TCGA-B6-A0RO",43,2,38,5,34,3,0.11627907,0.088235294,"BRCA"
"TCGA-B6-A0RP",30,2,26,4,22,4,0.133333333,0.181818182,"BRCA"
"TCGA-B6-A0RQ",55,2,10,45,49,42,0.818181818,0.857142857,"BRCA"
"TCGA-B6-A0RS",187,2,130,57,160,50,0.304812834,0.3125,"BRCA"
"TCGA-B6-A0RT",63,2,13,50,57,48,0.793650794,0.842105263,"BRCA"
"TCGA-B6-A0RV",67,2,63,4,51,4,0.059701493,0.078431373,"BRCA"
"TCGA-B6-A0WS",19,4,4,15,18,14,0.789473684,0.777777778,"BRCA"
"TCGA-B6-A0WW",43,3,36,7,36,7,0.162790698,0.194444444,"BRCA"
"TCGA-B6-A0WX",42,1,42,0,35,0,0,0,"BRCA"
"TCGA-B6-A0WY",35,2,26,9,29,9,0.257142857,0.310344828,"BRCA"
"TCGA-B6-A0WZ",95,4,15,80,84,71,0.842105263,0.845238095,"BRCA"
"TCGA-B6-A0X0",22,3,16,6,20,6,0.272727273,0.3,"BRCA"
"TCGA-B6-A0X4",21,3,10,11,20,10,0.523809524,0.5,"BRCA"
"TCGA-B6-A0X5",47,4,26,21,38,15,0.446808511,0.394736842,"BRCA"
"TCGA-B6-A0X7",21,3,16,5,18,5,0.238095238,0.277777778,"BRCA"
"TCGA-B6-A1KF",74,2,69,5,59,4,0.067567568,0.06779661,"BRCA"
"TCGA-B6-A1KN",67,2,60,7,57,6,0.104477612,0.105263158,"BRCA"
"TCGA-B6-A2IU",48,4,27,21,41,17,0.4375,0.414634146,"BRCA"
"TCGA-B6-A409",50,2,19,31,40,25,0.62,0.625,"BRCA"
"TCGA-B6-A40B",62,2,54,8,49,7,0.129032258,0.142857143,"BRCA"
"TCGA-B6-A40C",51,2,46,5,40,4,0.098039216,0.1,"BRCA"
"TCGA-BH-A0AU",22,1,22,0,22,0,0,0,"BRCA"
"TCGA-BH-A0AW",197,3,89,108,166,98,0.54822335,0.590361446,"BRCA"
"TCGA-BH-A0AY",74,2,61,13,59,12,0.175675676,0.203389831,"BRCA"
"TCGA-BH-A0AZ",67,2,61,6,59,3,0.089552239,0.050847458,"BRCA"
"TCGA-BH-A0B0",93,4,25,68,84,65,0.731182796,0.773809524,"BRCA"
"TCGA-BH-A0B1",70,3,58,12,59,9,0.171428571,0.152542373,"BRCA"
"TCGA-BH-A0B3",50,3,33,17,40,14,0.34,0.35,"BRCA"
"TCGA-BH-A0B4",74,4,14,60,66,55,0.810810811,0.833333333,"BRCA"
"TCGA-BH-A0B5",79,2,74,5,60,3,0.063291139,0.05,"BRCA"
"TCGA-BH-A0B7",45,2,16,29,39,26,0.644444444,0.666666667,"BRCA"
"TCGA-BH-A0B9",43,4,29,14,37,12,0.325581395,0.324324324,"BRCA"
"TCGA-BH-A0BA",50,2,24,26,47,24,0.52,0.510638298,"BRCA"
"TCGA-BH-A0BC",44,4,12,32,41,29,0.727272727,0.707317073,"BRCA"
"TCGA-BH-A0BD",38,3,26,12,31,11,0.315789474,0.35483871,"BRCA"
"TCGA-BH-A0BF",33,2,29,4,31,4,0.121212121,0.129032258,"BRCA"
"TCGA-BH-A0BG",45,1,45,0,39,0,0,0,"BRCA"
"TCGA-BH-A0BJ",32,3,24,8,30,8,0.25,0.266666667,"BRCA"
"TCGA-BH-A0BM",32,3,18,14,30,13,0.4375,0.433333333,"BRCA"
"TCGA-BH-A0BO",29,2,27,2,26,1,0.068965517,0.038461538,"BRCA"
"TCGA-BH-A0BP",193,3,126,67,166,54,0.347150259,0.325301205,"BRCA"
"TCGA-BH-A0BQ",32,3,13,19,27,16,0.59375,0.592592593,"BRCA"
"TCGA-BH-A0BR",69,1,69,0,53,0,0,0,"BRCA"
"TCGA-BH-A0BT",45,2,41,4,40,2,0.088888889,0.05,"BRCA"
"TCGA-BH-A0BV",36,2,33,3,29,3,0.083333333,0.103448276,"BRCA"
"TCGA-BH-A0BW",104,3,80,24,87,20,0.230769231,0.229885057,"BRCA"
"TCGA-BH-A0BZ",289,1,289,0,249,0,0,0,"BRCA"
"TCGA-BH-A0C0",115,2,100,15,97,14,0.130434783,0.144329897,"BRCA"
"TCGA-BH-A0C1",47,2,35,12,42,11,0.255319149,0.261904762,"BRCA"
"TCGA-BH-A0C7",58,2,53,5,51,5,0.086206897,0.098039216,"BRCA"
"TCGA-BH-A0DD",37,5,13,24,31,22,0.648648649,0.709677419,"BRCA"
"TCGA-BH-A0DE",38,4,23,15,31,13,0.394736842,0.419354839,"BRCA"
"TCGA-BH-A0DG",45,2,42,3,35,2,0.066666667,0.057142857,"BRCA"
"TCGA-BH-A0DH",52,3,39,13,42,10,0.25,0.238095238,"BRCA"
"TCGA-BH-A0DI",61,2,55,6,48,5,0.098360656,0.104166667,"BRCA"
"TCGA-BH-A0DK",120,3,96,24,100,20,0.2,0.2,"BRCA"
"TCGA-BH-A0DO",29,2,16,13,23,11,0.448275862,0.47826087,"BRCA"
"TCGA-BH-A0DP",36,3,26,10,31,10,0.277777778,0.322580645,"BRCA"
"TCGA-BH-A0DQ",32,3,26,6,28,5,0.1875,0.178571429,"BRCA"
"TCGA-BH-A0DS",55,3,27,28,46,25,0.509090909,0.543478261,"BRCA"
"TCGA-BH-A0DT",16,3,11,5,15,5,0.3125,0.333333333,"BRCA"
"TCGA-BH-A0DX",74,1,74,0,68,0,0,0,"BRCA"
"TCGA-BH-A0DZ",365,2,336,29,289,25,0.079452055,0.08650519,"BRCA"
"TCGA-BH-A0E0",41,2,38,3,36,3,0.073170732,0.083333333,"BRCA"
"TCGA-BH-A0E1",34,4,13,21,30,18,0.617647059,0.6,"BRCA"
"TCGA-BH-A0E2",57,3,23,34,51,29,0.596491228,0.568627451,"BRCA"
"TCGA-BH-A0E6",93,2,80,13,82,13,0.139784946,0.158536585,"BRCA"
"TCGA-BH-A0E7",41,3,27,14,38,13,0.341463415,0.342105263,"BRCA"
"TCGA-BH-A0E9",29,2,15,14,25,13,0.482758621,0.52,"BRCA"
"TCGA-BH-A0EA",31,4,10,21,29,19,0.677419355,0.655172414,"BRCA"
"TCGA-BH-A0EB",52,3,38,14,45,14,0.269230769,0.311111111,"BRCA"
"TCGA-BH-A0EE",163,3,98,65,137,56,0.398773006,0.408759124,"BRCA"
"TCGA-BH-A0EI",20,2,18,2,16,2,0.1,0.125,"BRCA"
"TCGA-BH-A0GY",38,3,31,7,33,6,0.184210526,0.181818182,"BRCA"
"TCGA-BH-A0GZ",43,5,8,35,38,30,0.813953488,0.789473684,"BRCA"
"TCGA-BH-A0H0",25,4,18,7,23,7,0.28,0.304347826,"BRCA"
"TCGA-BH-A0H6",27,5,19,8,19,5,0.296296296,0.263157895,"BRCA"
"TCGA-BH-A0H7",71,3,51,20,61,17,0.281690141,0.278688525,"BRCA"
"TCGA-BH-A0HA",363,4,156,207,324,184,0.570247934,0.567901235,"BRCA"
"TCGA-BH-A0HB",40,3,25,15,36,14,0.375,0.388888889,"BRCA"
"TCGA-BH-A0HI",35,4,12,23,29,21,0.657142857,0.724137931,"BRCA"
"TCGA-BH-A0HK",131,4,81,50,108,40,0.381679389,0.37037037,"BRCA"
"TCGA-BH-A0HL",36,4,16,20,33,17,0.555555556,0.515151515,"BRCA"
"TCGA-BH-A0HN",31,2,29,2,26,2,0.064516129,0.076923077,"BRCA"
"TCGA-BH-A0HO",27,2,23,4,18,1,0.148148148,0.055555556,"BRCA"
"TCGA-BH-A0HP",340,2,318,22,295,21,0.064705882,0.071186441,"BRCA"
"TCGA-BH-A0HQ",43,4,22,21,36,18,0.488372093,0.5,"BRCA"
"TCGA-BH-A0HU",45,5,12,33,36,27,0.733333333,0.75,"BRCA"
"TCGA-BH-A0HW",40,4,21,19,34,16,0.475,0.470588235,"BRCA"
"TCGA-BH-A0HX",85,3,51,34,71,30,0.4,0.422535211,"BRCA"
"TCGA-BH-A0HY",76,3,56,20,57,16,0.263157895,0.280701754,"BRCA"
"TCGA-BH-A0RX",48,2,18,30,46,28,0.625,0.608695652,"BRCA"
"TCGA-BH-A0W4",39,3,30,9,33,7,0.230769231,0.212121212,"BRCA"
"TCGA-BH-A0W7",253,4,73,180,218,159,0.711462451,0.729357798,"BRCA"
"TCGA-BH-A0WA",105,3,85,20,91,16,0.19047619,0.175824176,"BRCA"
"TCGA-BH-A18F",62,1,62,0,54,0,0,0,"BRCA"
"TCGA-BH-A18G",1593,2,1383,210,1364,186,0.131826742,0.136363636,"BRCA"
"TCGA-BH-A18H",53,2,49,4,46,4,0.075471698,0.086956522,"BRCA"
"TCGA-BH-A18I",29,2,25,4,24,2,0.137931034,0.083333333,"BRCA"
"TCGA-BH-A18J",105,4,71,34,91,32,0.323809524,0.351648352,"BRCA"
"TCGA-BH-A18K",66,3,42,24,62,22,0.363636364,0.35483871,"BRCA"
"TCGA-BH-A18L",61,3,37,24,52,22,0.393442623,0.423076923,"BRCA"
"TCGA-BH-A18M",21,2,17,4,21,4,0.19047619,0.19047619,"BRCA"
"TCGA-BH-A18N",43,4,20,23,42,22,0.534883721,0.523809524,"BRCA"
"TCGA-BH-A18Q",106,2,90,16,89,14,0.150943396,0.157303371,"BRCA"
"TCGA-BH-A18R",42,3,31,11,36,9,0.261904762,0.25,"BRCA"
"TCGA-BH-A18S",37,3,29,8,33,7,0.216216216,0.212121212,"BRCA"
"TCGA-BH-A18V",378,2,344,34,317,26,0.08994709,0.082018927,"BRCA"
"TCGA-BH-A1EN",77,3,63,14,67,11,0.181818182,0.164179104,"BRCA"
"TCGA-BH-A1EO",48,2,44,4,41,3,0.083333333,0.073170732,"BRCA"
"TCGA-BH-A1ET",38,5,23,15,30,12,0.394736842,0.4,"BRCA"
"TCGA-BH-A1EV",117,2,106,11,104,10,0.094017094,0.096153846,"BRCA"
"TCGA-BH-A1EY",55,2,44,11,50,9,0.2,0.18,"BRCA"
"TCGA-BH-A1F0",99,2,28,71,89,65,0.717171717,0.730337079,"BRCA"
"TCGA-BH-A1F2",65,1,65,0,59,0,0,0,"BRCA"
"TCGA-BH-A1F5",42,4,16,26,38,23,0.619047619,0.605263158,"BRCA"
"TCGA-BH-A1F8",183,3,142,41,156,40,0.224043716,0.256410256,"BRCA"
"TCGA-BH-A1FC",128,2,120,8,112,7,0.0625,0.0625,"BRCA"
"TCGA-BH-A1FD",39,4,26,13,36,12,0.333333333,0.333333333,"BRCA"
"TCGA-BH-A1FE",26,3,7,19,22,16,0.730769231,0.727272727,"BRCA"
"TCGA-BH-A1FG",21,3,9,12,19,11,0.571428571,0.578947368,"BRCA"
"TCGA-BH-A1FH",30,2,28,2,27,2,0.066666667,0.074074074,"BRCA"
"TCGA-BH-A1FJ",39,3,23,16,33,11,0.41025641,0.333333333,"BRCA"
"TCGA-BH-A1FM",60,2,44,16,56,15,0.266666667,0.267857143,"BRCA"
"TCGA-BH-A1FN",142,1,142,0,114,0,0,0,"BRCA"
"TCGA-BH-A1FR",16,4,4,12,15,12,0.75,0.8,"BRCA"
"TCGA-BH-A1FU",117,2,95,22,101,22,0.188034188,0.217821782,"BRCA"
"TCGA-BH-A201",22,2,14,8,17,5,0.363636364,0.294117647,"BRCA"
"TCGA-BH-A204",46,1,46,0,35,0,0,0,"BRCA"
"TCGA-BH-A209",125,2,116,9,110,8,0.072,0.072727273,"BRCA"
"TCGA-BH-A28Q",27,4,21,6,23,3,0.222222222,0.130434783,"BRCA"
"TCGA-BH-A42U",36,2,2,34,28,27,0.944444444,0.964285714,"BRCA"
"TCGA-BH-A5IZ",89,2,79,10,68,8,0.112359551,0.117647059,"BRCA"
"TCGA-BH-A8FY",56,2,42,14,43,10,0.25,0.23255814,"BRCA"
"TCGA-BH-AB28",46,4,15,31,32,22,0.673913043,0.6875,"BRCA"
"TCGA-C8-A12K",163,3,93,70,137,62,0.429447853,0.452554745,"BRCA"
"TCGA-C8-A12L",82,2,77,5,71,5,0.06097561,0.070422535,"BRCA"
"TCGA-C8-A12M",79,2,69,10,64,8,0.126582278,0.125,"BRCA"
"TCGA-C8-A12N",27,3,20,7,24,6,0.259259259,0.25,"BRCA"
"TCGA-C8-A12O",47,2,41,6,42,6,0.127659574,0.142857143,"BRCA"
"TCGA-C8-A12P",186,2,157,29,159,21,0.155913978,0.132075472,"BRCA"
"TCGA-C8-A12Q",138,2,129,9,121,9,0.065217391,0.074380165,"BRCA"
"TCGA-C8-A12T",204,4,62,142,177,127,0.696078431,0.717514124,"BRCA"
"TCGA-C8-A12U",58,3,49,9,51,7,0.155172414,0.137254902,"BRCA"
"TCGA-C8-A12V",48,2,3,45,41,40,0.9375,0.975609756,"BRCA"
"TCGA-C8-A12W",75,3,58,17,64,13,0.226666667,0.203125,"BRCA"
"TCGA-C8-A12X",66,4,51,15,56,11,0.227272727,0.196428571,"BRCA"
"TCGA-C8-A12Y",45,3,38,7,39,4,0.155555556,0.102564103,"BRCA"
"TCGA-C8-A12Z",59,3,50,9,51,7,0.152542373,0.137254902,"BRCA"
"TCGA-C8-A130",48,2,42,6,42,6,0.125,0.142857143,"BRCA"
"TCGA-C8-A131",69,1,69,0,64,0,0,0,"BRCA"
"TCGA-C8-A133",31,5,7,24,27,21,0.774193548,0.777777778,"BRCA"
"TCGA-C8-A134",108,3,88,20,97,17,0.185185185,0.175257732,"BRCA"
"TCGA-C8-A135",79,2,75,4,69,4,0.050632911,0.057971014,"BRCA"
"TCGA-C8-A137",61,2,47,14,45,10,0.229508197,0.222222222,"BRCA"
"TCGA-C8-A138",51,1,51,0,49,0,0,0,"BRCA"
"TCGA-C8-A1HE",56,2,45,11,49,10,0.196428571,0.204081633,"BRCA"
"TCGA-C8-A1HF",38,2,32,6,31,6,0.157894737,0.193548387,"BRCA"
"TCGA-C8-A1HG",64,3,49,15,53,11,0.234375,0.20754717,"BRCA"
"TCGA-C8-A1HI",69,2,61,8,55,7,0.115942029,0.127272727,"BRCA"
"TCGA-C8-A1HJ",121,2,112,9,106,9,0.074380165,0.08490566,"BRCA"
"TCGA-C8-A1HK",68,2,45,23,57,18,0.338235294,0.315789474,"BRCA"
"TCGA-C8-A1HL",34,2,31,3,29,2,0.088235294,0.068965517,"BRCA"
"TCGA-C8-A1HM",437,1,437,0,365,0,0,0,"BRCA"
"TCGA-C8-A1HN",65,3,54,11,53,9,0.169230769,0.169811321,"BRCA"
"TCGA-C8-A1HO",47,5,25,22,39,19,0.468085106,0.487179487,"BRCA"
"TCGA-C8-A26V",89,2,82,7,79,5,0.078651685,0.063291139,"BRCA"
"TCGA-C8-A26Y",856,1,856,0,746,0,0,0,"BRCA"
"TCGA-C8-A273",24,2,21,3,17,1,0.125,0.058823529,"BRCA"
"TCGA-C8-A274",266,3,224,42,225,41,0.157894737,0.182222222,"BRCA"
"TCGA-C8-A275",133,2,118,15,125,14,0.112781955,0.112,"BRCA"
"TCGA-C8-A27A",36,3,26,10,32,7,0.277777778,0.21875,"BRCA"
"TCGA-C8-A27B",152,2,140,12,139,11,0.078947368,0.079136691,"BRCA"
"TCGA-C8-A3M7",212,2,200,12,163,7,0.056603774,0.042944785,"BRCA"
"TCGA-C8-A3M8",55,2,52,3,42,1,0.054545455,0.023809524,"BRCA"
"TCGA-C8-A8HP",259,2,16,243,191,183,0.938223938,0.958115183,"BRCA"
"TCGA-C8-A8HQ",362,2,320,42,269,24,0.116022099,0.089219331,"BRCA"
"TCGA-C8-A9FZ",27,3,21,6,22,4,0.222222222,0.181818182,"BRCA"
"TCGA-D8-A13Y",78,3,64,14,73,13,0.179487179,0.178082192,"BRCA"
"TCGA-D8-A13Z",106,2,98,8,94,6,0.075471698,0.063829787,"BRCA"
"TCGA-D8-A140",129,3,94,35,105,28,0.271317829,0.266666667,"BRCA"
"TCGA-D8-A141",20,2,19,1,17,0,0.05,0,"BRCA"
"TCGA-D8-A142",157,2,44,113,144,106,0.719745223,0.736111111,"BRCA"
"TCGA-D8-A143",55,1,55,0,45,0,0,0,"BRCA"
"TCGA-D8-A145",47,3,9,38,43,34,0.808510638,0.790697674,"BRCA"
"TCGA-D8-A147",188,2,139,49,160,45,0.260638298,0.28125,"BRCA"
"TCGA-D8-A1J8",937,4,658,279,809,237,0.297758805,0.292954265,"BRCA"
"TCGA-D8-A1J9",260,2,219,41,226,37,0.157692308,0.163716814,"BRCA"
"TCGA-D8-A1JA",1135,2,1056,79,978,65,0.069603524,0.066462168,"BRCA"
"TCGA-D8-A1JB",65,3,28,37,53,31,0.569230769,0.58490566,"BRCA"
"TCGA-D8-A1JC",110,2,97,13,89,13,0.118181818,0.146067416,"BRCA"
"TCGA-D8-A1JD",115,2,108,7,97,6,0.060869565,0.06185567,"BRCA"
"TCGA-D8-A1JH",21,3,4,17,20,16,0.80952381,0.8,"BRCA"
"TCGA-D8-A1JI",36,3,26,10,29,9,0.277777778,0.310344828,"BRCA"
"TCGA-D8-A1JJ",92,2,82,10,86,10,0.108695652,0.11627907,"BRCA"
"TCGA-D8-A1JK",247,1,247,0,213,0,0,0,"BRCA"
"TCGA-D8-A1JL",129,3,109,20,114,18,0.15503876,0.157894737,"BRCA"
"TCGA-D8-A1JM",53,3,44,9,50,8,0.169811321,0.16,"BRCA"
"TCGA-D8-A1JN",198,1,198,0,168,0,0,0,"BRCA"
"TCGA-D8-A1JP",135,2,126,9,121,8,0.066666667,0.066115702,"BRCA"
"TCGA-D8-A1JS",28,2,26,2,24,2,0.071428571,0.083333333,"BRCA"
"TCGA-D8-A1JT",42,3,35,7,37,7,0.166666667,0.189189189,"BRCA"
"TCGA-D8-A1JU",16,3,12,4,14,3,0.25,0.214285714,"BRCA"
"TCGA-D8-A1X8",31,3,17,14,28,12,0.451612903,0.428571429,"BRCA"
"TCGA-D8-A1X9",98,3,85,13,89,12,0.132653061,0.134831461,"BRCA"
"TCGA-D8-A1XA",26,2,23,3,21,2,0.115384615,0.095238095,"BRCA"
"TCGA-D8-A1XB",46,3,10,36,39,30,0.782608696,0.769230769,"BRCA"
"TCGA-D8-A1XF",49,2,29,20,37,14,0.408163265,0.378378378,"BRCA"
"TCGA-D8-A1XG",32,3,25,7,24,5,0.21875,0.208333333,"BRCA"
"TCGA-D8-A1XJ",104,3,87,17,87,14,0.163461538,0.16091954,"BRCA"
"TCGA-D8-A1XK",1241,2,1064,177,1032,156,0.142626914,0.151162791,"BRCA"
"TCGA-D8-A1XL",101,3,78,23,86,20,0.227722772,0.23255814,"BRCA"
"TCGA-D8-A1XM",59,2,52,7,50,5,0.118644068,0.1,"BRCA"
"TCGA-D8-A1XO",27,4,19,8,19,6,0.296296296,0.315789474,"BRCA"
"TCGA-D8-A1XQ",989,2,932,57,855,51,0.057633974,0.059649123,"BRCA"
"TCGA-D8-A1XS",31,4,16,15,30,14,0.483870968,0.466666667,"BRCA"
"TCGA-D8-A1XT",44,3,35,9,40,8,0.204545455,0.2,"BRCA"
"TCGA-D8-A1XW",120,5,67,53,101,46,0.441666667,0.455445545,"BRCA"
"TCGA-D8-A1XY",62,2,55,7,58,7,0.112903226,0.120689655,"BRCA"
"TCGA-D8-A1XZ",89,2,63,26,83,23,0.292134831,0.277108434,"BRCA"
"TCGA-D8-A1Y0",81,2,73,8,72,8,0.098765432,0.111111111,"BRCA"
"TCGA-D8-A1Y1",236,2,198,38,213,35,0.161016949,0.164319249,"BRCA"
"TCGA-D8-A1Y3",66,2,59,7,61,7,0.106060606,0.114754098,"BRCA"
"TCGA-D8-A27H",159,2,112,47,139,39,0.295597484,0.28057554,"BRCA"
"TCGA-D8-A27L",50,3,20,30,44,27,0.6,0.613636364,"BRCA"
"TCGA-D8-A27M",90,2,84,6,77,6,0.066666667,0.077922078,"BRCA"
"TCGA-D8-A27N",57,3,50,7,49,6,0.122807018,0.12244898,"BRCA"
"TCGA-D8-A27R",41,2,35,6,35,6,0.146341463,0.171428571,"BRCA"
"TCGA-D8-A27T",31,2,25,6,26,6,0.193548387,0.230769231,"BRCA"
"TCGA-D8-A27V",228,1,228,0,201,0,0,0,"BRCA"
"TCGA-D8-A4Z1",46,2,5,41,41,36,0.891304348,0.87804878,"BRCA"
"TCGA-E2-A105",64,3,51,13,56,11,0.203125,0.196428571,"BRCA"
"TCGA-E2-A107",33,2,25,8,29,7,0.242424242,0.24137931,"BRCA"
"TCGA-E2-A108",183,2,72,111,161,101,0.606557377,0.627329193,"BRCA"
"TCGA-E2-A109",71,3,59,12,64,11,0.169014085,0.171875,"BRCA"
"TCGA-E2-A10A",27,2,18,9,23,7,0.333333333,0.304347826,"BRCA"
"TCGA-E2-A10B",67,5,19,48,56,41,0.71641791,0.732142857,"BRCA"
"TCGA-E2-A10C",494,1,494,0,409,0,0,0,"BRCA"
"TCGA-E2-A10F",28,2,24,4,23,3,0.142857143,0.130434783,"BRCA"
"TCGA-E2-A14N",108,2,102,6,86,5,0.055555556,0.058139535,"BRCA"
"TCGA-E2-A14O",32,2,30,2,30,2,0.0625,0.066666667,"BRCA"
"TCGA-E2-A14P",112,3,96,16,89,12,0.142857143,0.134831461,"BRCA"
"TCGA-E2-A14Q",40,1,40,0,30,0,0,0,"BRCA"
"TCGA-E2-A14R",132,4,99,33,107,29,0.25,0.271028037,"BRCA"
"TCGA-E2-A14T",38,4,11,27,32,22,0.710526316,0.6875,"BRCA"
"TCGA-E2-A14V",138,3,94,44,123,43,0.31884058,0.349593496,"BRCA"
"TCGA-E2-A14W",97,2,88,9,85,8,0.092783505,0.094117647,"BRCA"
"TCGA-E2-A14X",39,2,33,6,36,6,0.153846154,0.166666667,"BRCA"
"TCGA-E2-A14Y",51,2,34,17,47,16,0.333333333,0.340425532,"BRCA"
"TCGA-E2-A150",89,3,56,33,80,31,0.370786517,0.3875,"BRCA"
"TCGA-E2-A152",166,3,131,35,145,29,0.210843373,0.2,"BRCA"
"TCGA-E2-A153",27,4,12,15,24,14,0.555555556,0.583333333,"BRCA"
"TCGA-E2-A154",50,3,40,10,44,10,0.2,0.227272727,"BRCA"
"TCGA-E2-A155",79,3,60,19,67,17,0.240506329,0.253731343,"BRCA"
"TCGA-E2-A156",26,3,18,8,22,8,0.307692308,0.363636364,"BRCA"
"TCGA-E2-A15A",65,3,52,13,60,13,0.2,0.216666667,"BRCA"
"TCGA-E2-A15C",46,3,27,19,37,15,0.413043478,0.405405405,"BRCA"
"TCGA-E2-A15D",35,4,19,16,32,16,0.457142857,0.5,"BRCA"
"TCGA-E2-A15F",28,3,13,15,27,14,0.535714286,0.518518519,"BRCA"
"TCGA-E2-A15H",31,2,29,2,30,2,0.064516129,0.066666667,"BRCA"
"TCGA-E2-A15I",41,3,21,20,36,19,0.487804878,0.527777778,"BRCA"
"TCGA-E2-A15J",23,2,19,4,22,3,0.173913043,0.136363636,"BRCA"
"TCGA-E2-A15M",112,2,95,17,98,15,0.151785714,0.153061224,"BRCA"
"TCGA-E2-A15O",33,3,29,4,27,4,0.121212121,0.148148148,"BRCA"
"TCGA-E2-A15P",24,3,10,14,21,11,0.583333333,0.523809524,"BRCA"
"TCGA-E2-A15R",45,2,40,5,39,3,0.111111111,0.076923077,"BRCA"
"TCGA-E2-A15S",64,3,44,20,59,18,0.3125,0.305084746,"BRCA"
"TCGA-E2-A15T",39,3,34,5,34,4,0.128205128,0.117647059,"BRCA"
"TCGA-E2-A1AZ",77,2,72,5,65,5,0.064935065,0.076923077,"BRCA"
"TCGA-E2-A1B0",57,2,51,6,53,6,0.105263158,0.113207547,"BRCA"
"TCGA-E2-A1B1",68,3,14,54,62,51,0.794117647,0.822580645,"BRCA"
"TCGA-E2-A1B4",40,2,36,4,32,4,0.1,0.125,"BRCA"
"TCGA-E2-A1B6",61,2,6,55,51,47,0.901639344,0.921568627,"BRCA"
"TCGA-E2-A1BC",42,4,23,19,34,16,0.452380952,0.470588235,"BRCA"
"TCGA-E2-A1BD",36,3,24,12,33,11,0.333333333,0.333333333,"BRCA"
"TCGA-E2-A1IE",29,3,23,6,22,5,0.206896552,0.227272727,"BRCA"
"TCGA-E2-A1IG",55,2,50,5,48,5,0.090909091,0.104166667,"BRCA"
"TCGA-E2-A1IH",82,2,75,7,71,7,0.085365854,0.098591549,"BRCA"
"TCGA-E2-A1II",29,3,21,8,26,8,0.275862069,0.307692308,"BRCA"
"TCGA-E2-A1IK",20,4,5,15,17,12,0.75,0.705882353,"BRCA"
"TCGA-E2-A1IL",32,3,25,7,27,7,0.21875,0.259259259,"BRCA"
"TCGA-E2-A1IN",240,2,226,14,207,13,0.058333333,0.062801932,"BRCA"
"TCGA-E2-A1IU",33,3,9,24,30,21,0.727272727,0.7,"BRCA"
"TCGA-E2-A1L6",27,1,27,0,21,0,0,0,"BRCA"
"TCGA-E2-A1L9",28,4,7,21,27,20,0.75,0.740740741,"BRCA"
"TCGA-E2-A1LA",102,2,74,28,93,26,0.274509804,0.279569892,"BRCA"
"TCGA-E2-A1LG",210,3,124,86,184,78,0.40952381,0.423913043,"BRCA"
"TCGA-E2-A1LH",221,2,209,12,196,12,0.054298643,0.06122449,"BRCA"
"TCGA-E2-A2P6",181,2,163,18,140,14,0.099447514,0.1,"BRCA"
"TCGA-E2-A574",152,3,129,23,114,19,0.151315789,0.166666667,"BRCA"
"TCGA-E2-A576",66,5,10,56,51,44,0.848484848,0.862745098,"BRCA"
"TCGA-E9-A1N4",30,2,23,7,24,6,0.233333333,0.25,"BRCA"
"TCGA-E9-A1N8",35,4,23,12,29,10,0.342857143,0.344827586,"BRCA"
"TCGA-E9-A1NE",60,2,51,9,53,8,0.15,0.150943396,"BRCA"
"TCGA-E9-A1NF",64,2,53,11,53,11,0.171875,0.20754717,"BRCA"
"TCGA-E9-A1NH",36,3,19,17,30,12,0.472222222,0.4,"BRCA"
"TCGA-E9-A1NI",29,2,19,10,27,10,0.344827586,0.37037037,"BRCA"
"TCGA-E9-A1QZ",23,2,2,21,22,20,0.913043478,0.909090909,"BRCA"
"TCGA-E9-A1R0",31,2,18,13,28,11,0.419354839,0.392857143,"BRCA"
"TCGA-E9-A1R2",63,2,57,6,55,4,0.095238095,0.072727273,"BRCA"
"TCGA-E9-A1R3",23,2,13,10,20,10,0.434782609,0.5,"BRCA"
"TCGA-E9-A1R5",50,3,29,21,43,18,0.42,0.418604651,"BRCA"
"TCGA-E9-A1R6",28,2,22,6,25,6,0.214285714,0.24,"BRCA"
"TCGA-E9-A1R7",62,3,52,10,58,10,0.161290323,0.172413793,"BRCA"
"TCGA-E9-A1RB",39,2,35,4,31,4,0.102564103,0.129032258,"BRCA"
"TCGA-E9-A1RC",50,2,47,3,43,3,0.06,0.069767442,"BRCA"
"TCGA-E9-A1RD",24,2,20,4,22,4,0.166666667,0.181818182,"BRCA"
"TCGA-E9-A1RE",58,2,53,5,49,5,0.086206897,0.102040816,"BRCA"
"TCGA-E9-A1RI",28,4,9,19,23,17,0.678571429,0.739130435,"BRCA"
"TCGA-E9-A227",18,2,16,2,14,2,0.111111111,0.142857143,"BRCA"
"TCGA-E9-A228",53,2,46,7,49,7,0.132075472,0.142857143,"BRCA"
"TCGA-E9-A229",32,3,19,13,27,11,0.40625,0.407407407,"BRCA"
"TCGA-E9-A22A",34,2,32,2,29,2,0.058823529,0.068965517,"BRCA"
"TCGA-E9-A22B",71,2,67,4,62,4,0.056338028,0.064516129,"BRCA"
"TCGA-E9-A22G",116,3,89,27,103,25,0.232758621,0.242718447,"BRCA"
"TCGA-E9-A22H",27,4,8,19,26,18,0.703703704,0.692307692,"BRCA"
"TCGA-E9-A244",125,2,115,10,101,8,0.08,0.079207921,"BRCA"
"TCGA-E9-A2JS",87,2,76,11,70,11,0.126436782,0.157142857,"BRCA"
"TCGA-E9-A2JT",24,2,6,18,22,16,0.75,0.727272727,"BRCA"
"TCGA-E9-A54Y",60,2,49,11,45,8,0.183333333,0.177777778,"BRCA"
"TCGA-E9-A5FK",37,3,17,20,24,13,0.540540541,0.541666667,"BRCA"
"TCGA-E9-A5UO",39,2,37,2,25,1,0.051282051,0.04,"BRCA"
"TCGA-EW-A1IW",121,2,103,18,97,15,0.148760331,0.154639175,"BRCA"
"TCGA-EW-A1IY",39,2,37,2,34,2,0.051282051,0.058823529,"BRCA"
"TCGA-EW-A1J3",31,3,25,6,26,5,0.193548387,0.192307692,"BRCA"
"TCGA-EW-A1J5",512,3,411,101,460,88,0.197265625,0.191304348,"BRCA"
"TCGA-EW-A1J6",44,2,41,3,40,3,0.068181818,0.075,"BRCA"
"TCGA-EW-A1OX",22,4,14,8,19,6,0.363636364,0.315789474,"BRCA"
"TCGA-EW-A1OY",74,2,55,19,63,14,0.256756757,0.222222222,"BRCA"
"TCGA-EW-A1P3",28,4,12,16,23,14,0.571428571,0.608695652,"BRCA"
"TCGA-EW-A1P8",35,2,29,6,31,5,0.171428571,0.161290323,"BRCA"
"TCGA-EW-A1PA",40,2,35,5,33,5,0.125,0.151515152,"BRCA"
"TCGA-EW-A1PD",92,2,83,9,81,9,0.097826087,0.111111111,"BRCA"
"TCGA-EW-A1PG",11,3,2,9,10,9,0.818181818,0.9,"BRCA"
"TCGA-EW-A1PH",63,3,41,22,51,18,0.349206349,0.352941176,"BRCA"
"TCGA-EW-A2FS",44,2,26,18,42,17,0.409090909,0.404761905,"BRCA"
"TCGA-EW-A2FW",26,4,18,8,23,7,0.307692308,0.304347826,"BRCA"
"TCGA-EW-A423",84,2,74,10,56,7,0.119047619,0.125,"BRCA"
"TCGA-EW-A6SA",118,5,42,76,85,58,0.644067797,0.682352941,"BRCA"
"TCGA-EW-A6SC",43,3,27,16,32,12,0.372093023,0.375,"BRCA"
"TCGA-EW-A6SD",68,2,54,14,47,11,0.205882353,0.234042553,"BRCA"
"TCGA-GM-A2D9",625,4,138,487,539,422,0.7792,0.782931354,"BRCA"
"TCGA-GM-A2DC",25,2,23,2,20,2,0.08,0.1,"BRCA"
"TCGA-GM-A2DD",68,2,63,5,56,3,0.073529412,0.053571429,"BRCA"
"TCGA-GM-A2DF",53,2,22,31,44,28,0.58490566,0.636363636,"BRCA"
"TCGA-GM-A2DH",222,2,175,47,195,45,0.211711712,0.230769231,"BRCA"
"TCGA-GM-A2DI",86,2,8,78,75,68,0.906976744,0.906666667,"BRCA"
"TCGA-GM-A2DL",43,1,43,0,39,0,0,0,"BRCA"
"TCGA-GM-A2DM",27,5,7,20,26,19,0.740740741,0.730769231,"BRCA"
"TCGA-GM-A2DO",209,2,38,171,191,158,0.818181818,0.827225131,"BRCA"
"TCGA-GM-A3XL",140,2,101,39,92,25,0.278571429,0.27173913,"BRCA"
"TCGA-GM-A4E0",39,2,36,3,30,2,0.076923077,0.066666667,"BRCA"
"TCGA-GM-A5PV",44,2,24,20,33,17,0.454545455,0.515151515,"BRCA"
"TCGA-GM-A5PX",41,2,37,4,27,1,0.097560976,0.037037037,"BRCA"
"TCGA-HN-A2NL",87,2,78,9,76,7,0.103448276,0.092105263,"BRCA"
"TCGA-LD-A7W5",63,2,22,41,48,31,0.650793651,0.645833333,"BRCA"
"TCGA-LD-A9QF",39,3,6,33,27,24,0.846153846,0.888888889,"BRCA"
"TCGA-LL-A50Y",43,3,35,8,33,5,0.186046512,0.151515152,"BRCA"
"TCGA-LL-A5YL",89,2,80,9,67,7,0.101123596,0.104477612,"BRCA"
"TCGA-LL-A5YM",36,3,26,10,24,7,0.277777778,0.291666667,"BRCA"
"TCGA-LL-A6FP",69,3,57,12,53,9,0.173913043,0.169811321,"BRCA"
"TCGA-LL-A6FR",61,2,54,7,38,4,0.114754098,0.105263158,"BRCA"
"TCGA-LL-A73Y",194,2,182,12,128,3,0.06185567,0.0234375,"BRCA"
"TCGA-LL-A740",67,3,44,23,49,16,0.343283582,0.326530612,"BRCA"
"TCGA-LL-A7T0",71,1,71,0,47,0,0,0,"BRCA"
"TCGA-LL-A9Q3",64,2,48,16,54,14,0.25,0.259259259,"BRCA"
"TCGA-OL-A5D6",56,3,47,9,45,9,0.160714286,0.2,"BRCA"
"TCGA-OL-A5D8",33,3,26,7,23,4,0.212121212,0.173913043,"BRCA"
"TCGA-OL-A5RW",242,3,142,100,162,68,0.41322314,0.419753086,"BRCA"
"TCGA-OL-A5RZ",143,2,33,110,117,90,0.769230769,0.769230769,"BRCA"
"TCGA-OL-A66J",64,2,58,6,49,6,0.09375,0.12244898,"BRCA"
"TCGA-OL-A66L",83,2,78,5,69,5,0.060240964,0.072463768,"BRCA"
"TCGA-OL-A66O",30,3,17,13,24,10,0.433333333,0.416666667,"BRCA"
"TCGA-OL-A6VQ",130,2,27,103,96,76,0.792307692,0.791666667,"BRCA"
"TCGA-OL-A97C",65,3,44,21,53,17,0.323076923,0.320754717,"BRCA"
"TCGA-PE-A5DD",78,4,61,17,60,14,0.217948718,0.233333333,"BRCA"
"TCGA-PE-A5DE",661,2,595,66,516,54,0.099848714,0.104651163,"BRCA"
"TCGA-PL-A8LX",48,3,38,10,39,8,0.208333333,0.205128205,"BRCA"
"TCGA-S3-A6ZG",54,2,39,15,42,10,0.277777778,0.238095238,"BRCA"
"TCGA-S3-A6ZH",47,3,39,8,38,5,0.170212766,0.131578947,"BRCA"
"TCGA-S3-AA0Z",65,2,59,6,44,5,0.092307692,0.113636364,"BRCA"
"TCGA-S3-AA11",99,3,71,28,67,17,0.282828283,0.253731343,"BRCA"
"TCGA-S3-AA12",56,2,46,10,38,7,0.178571429,0.184210526,"BRCA"
"TCGA-S3-AA14",23,4,5,18,17,14,0.782608696,0.823529412,"BRCA"
"TCGA-S3-AA15",76,2,4,72,48,46,0.947368421,0.958333333,"BRCA"
"TCGA-S3-AA17",142,2,130,12,93,10,0.084507042,0.107526882,"BRCA"
"TCGA-UL-AAZ6",129,3,101,28,88,21,0.217054264,0.238636364,"BRCA"
"TCGA-UU-A93S",213,2,164,49,160,41,0.230046948,0.25625,"BRCA"
"TCGA-WT-AB41",62,2,55,7,47,5,0.112903226,0.106382979,"BRCA"
"TCGA-XX-A899",63,2,22,41,50,33,0.650793651,0.66,"BRCA"
"TCGA-Z7-A8R5",34,2,12,22,26,16,0.647058824,0.615384615,"BRCA"
"TCGA-Z7-A8R6",105,2,95,10,79,6,0.095238095,0.075949367,"BRCA"
"TCGA-BH-A0B8",96,4,19,77,82,65,0.802083333,0.792682927,"BRCA"
"TCGA-BH-A0BL",67,2,63,4,56,2,0.059701493,0.035714286,"BRCA"
"TCGA-BH-A0H5",160,2,25,135,146,124,0.84375,0.849315068,"BRCA"
"TCGA-E2-A158",93,2,88,5,79,4,0.053763441,0.050632911,"BRCA"
