"tcga_id","Total_number_SNVs","Number_of_clusters","Number_of_clonal_SNVs","Number_of_subclonal_SNVs","Total_number_SNVs_CDS","Number_subclonal_SNVs_CDS","Subclonal_fraction","sML","cancer_type"
"TCGA-2A-A8VL",35,3,22,13,29,12,0.371428571,0.413793103,"PRAD"
"TCGA-2A-A8VO",36,4,10,26,30,22,0.722222222,0.733333333,"PRAD"
"TCGA-2A-A8VV",32,4,7,25,29,22,0.78125,0.75862069,"PRAD"
"TCGA-2A-A8VX",33,4,22,11,31,11,0.333333333,0.35483871,"PRAD"
"TCGA-2A-A8W1",28,4,12,16,27,15,0.571428571,0.555555556,"PRAD"
"TCGA-2A-A8W3",50,2,44,6,41,5,0.12,0.12195122,"PRAD"
"TCGA-2A-AAYF",23,2,16,7,21,7,0.304347826,0.333333333,"PRAD"
"TCGA-2A-AAYO",21,3,14,7,19,6,0.333333333,0.315789474,"PRAD"
"TCGA-2A-AAYU",30,2,27,3,29,3,0.1,0.103448276,"PRAD"
"TCGA-CH-5737",63,5,14,49,55,44,0.777777778,0.8,"PRAD"
"TCGA-CH-5738",23,4,4,19,17,15,0.826086957,0.882352941,"PRAD"
"TCGA-CH-5739",50,4,13,37,43,31,0.74,0.720930233,"PRAD"
"TCGA-CH-5740",25,3,13,12,22,11,0.48,0.5,"PRAD"
"TCGA-CH-5741",32,4,12,20,24,15,0.625,0.625,"PRAD"
"TCGA-CH-5744",36,3,14,22,29,20,0.611111111,0.689655172,"PRAD"
"TCGA-CH-5745",33,3,19,14,28,12,0.424242424,0.428571429,"PRAD"
"TCGA-CH-5746",14,2,7,7,13,6,0.5,0.461538462,"PRAD"
"TCGA-CH-5748",48,2,17,31,45,28,0.645833333,0.622222222,"PRAD"
"TCGA-CH-5750",46,6,19,27,40,25,0.586956522,0.625,"PRAD"
"TCGA-CH-5752",51,6,8,43,41,35,0.843137255,0.853658537,"PRAD"
"TCGA-CH-5754",115,4,49,66,105,59,0.573913043,0.561904762,"PRAD"
"TCGA-CH-5761",60,2,49,11,53,10,0.183333333,0.188679245,"PRAD"
"TCGA-CH-5763",24,2,5,19,22,17,0.791666667,0.772727273,"PRAD"
"TCGA-CH-5764",39,3,16,23,36,22,0.58974359,0.611111111,"PRAD"
"TCGA-CH-5765",43,3,33,10,37,7,0.23255814,0.189189189,"PRAD"
"TCGA-CH-5767",46,3,16,30,43,28,0.652173913,0.651162791,"PRAD"
"TCGA-CH-5771",31,3,7,24,26,22,0.774193548,0.846153846,"PRAD"
"TCGA-CH-5772",67,3,17,50,60,43,0.746268657,0.716666667,"PRAD"
"TCGA-CH-5788",51,3,36,15,44,12,0.294117647,0.272727273,"PRAD"
"TCGA-CH-5790",27,2,9,18,22,15,0.666666667,0.681818182,"PRAD"
"TCGA-CH-5791",46,4,20,26,42,25,0.565217391,0.595238095,"PRAD"
"TCGA-CH-5792",42,3,25,17,37,14,0.404761905,0.378378378,"PRAD"
"TCGA-CH-5794",38,4,23,15,32,12,0.394736842,0.375,"PRAD"
"TCGA-EJ-5494",35,2,7,28,31,25,0.8,0.806451613,"PRAD"
"TCGA-EJ-5495",90,3,64,26,74,25,0.288888889,0.337837838,"PRAD"
"TCGA-EJ-5496",41,4,18,23,40,22,0.56097561,0.55,"PRAD"
"TCGA-EJ-5497",25,3,4,21,22,18,0.84,0.818181818,"PRAD"
"TCGA-EJ-5498",45,3,30,15,37,14,0.333333333,0.378378378,"PRAD"
"TCGA-EJ-5499",43,2,33,10,34,7,0.23255814,0.205882353,"PRAD"
"TCGA-EJ-5501",23,3,11,12,22,11,0.52173913,0.5,"PRAD"
"TCGA-EJ-5502",12,2,5,7,12,7,0.583333333,0.583333333,"PRAD"
"TCGA-EJ-5505",37,4,13,24,32,22,0.648648649,0.6875,"PRAD"
"TCGA-EJ-5506",14,3,3,11,12,9,0.785714286,0.75,"PRAD"
"TCGA-EJ-5507",39,5,24,15,35,13,0.384615385,0.371428571,"PRAD"
"TCGA-EJ-5508",30,3,10,20,26,16,0.666666667,0.615384615,"PRAD"
"TCGA-EJ-5509",30,4,8,22,27,20,0.733333333,0.740740741,"PRAD"
"TCGA-EJ-5510",23,3,16,7,22,7,0.304347826,0.318181818,"PRAD"
"TCGA-EJ-5511",41,2,19,22,37,21,0.536585366,0.567567568,"PRAD"
"TCGA-EJ-5512",19,2,14,5,16,5,0.263157895,0.3125,"PRAD"
"TCGA-EJ-5514",37,2,33,4,32,3,0.108108108,0.09375,"PRAD"
"TCGA-EJ-5515",16,2,1,15,15,14,0.9375,0.933333333,"PRAD"
"TCGA-EJ-5516",31,2,15,16,28,16,0.516129032,0.571428571,"PRAD"
"TCGA-EJ-5517",29,4,7,22,23,18,0.75862069,0.782608696,"PRAD"
"TCGA-EJ-5518",47,4,18,29,40,27,0.617021277,0.675,"PRAD"
"TCGA-EJ-5519",98,3,48,50,91,47,0.510204082,0.516483516,"PRAD"
"TCGA-EJ-5521",59,2,45,14,55,13,0.237288136,0.236363636,"PRAD"
"TCGA-EJ-5522",33,2,29,4,28,4,0.121212121,0.142857143,"PRAD"
"TCGA-EJ-5525",78,4,56,22,64,21,0.282051282,0.328125,"PRAD"
"TCGA-EJ-5526",33,2,31,2,28,2,0.060606061,0.071428571,"PRAD"
"TCGA-EJ-5527",44,3,15,29,37,24,0.659090909,0.648648649,"PRAD"
"TCGA-EJ-5530",61,3,13,48,55,43,0.786885246,0.781818182,"PRAD"
"TCGA-EJ-5531",35,2,26,9,32,9,0.257142857,0.28125,"PRAD"
"TCGA-EJ-5532",32,4,12,20,27,16,0.625,0.592592593,"PRAD"
"TCGA-EJ-5542",37,2,23,14,27,11,0.378378378,0.407407407,"PRAD"
"TCGA-EJ-7115",49,3,31,18,42,15,0.367346939,0.357142857,"PRAD"
"TCGA-EJ-7123",77,3,20,57,68,49,0.74025974,0.720588235,"PRAD"
"TCGA-EJ-7125",124,2,24,100,104,83,0.806451613,0.798076923,"PRAD"
"TCGA-EJ-7218",33,2,10,23,30,21,0.696969697,0.7,"PRAD"
"TCGA-EJ-7312",33,4,21,12,28,10,0.363636364,0.357142857,"PRAD"
"TCGA-EJ-7314",39,4,8,31,35,29,0.794871795,0.828571429,"PRAD"
"TCGA-EJ-7315",29,5,7,22,22,16,0.75862069,0.727272727,"PRAD"
"TCGA-EJ-7317",46,4,15,31,44,30,0.673913043,0.681818182,"PRAD"
"TCGA-EJ-7318",36,3,20,16,32,15,0.444444444,0.46875,"PRAD"
"TCGA-EJ-7325",27,3,21,6,24,5,0.222222222,0.208333333,"PRAD"
"TCGA-EJ-7327",30,3,10,20,27,18,0.666666667,0.666666667,"PRAD"
"TCGA-EJ-7328",39,3,6,33,35,30,0.846153846,0.857142857,"PRAD"
"TCGA-EJ-7330",50,1,50,0,44,0,0,0,"PRAD"
"TCGA-EJ-7781",65,2,8,57,62,54,0.876923077,0.870967742,"PRAD"
"TCGA-EJ-7782",459,4,113,346,409,314,0.753812636,0.767726161,"PRAD"
"TCGA-EJ-7783",50,3,10,40,46,36,0.8,0.782608696,"PRAD"
"TCGA-EJ-7784",47,2,24,23,42,23,0.489361702,0.547619048,"PRAD"
"TCGA-EJ-7785",20,2,15,5,20,5,0.25,0.25,"PRAD"
"TCGA-EJ-7786",34,3,7,27,30,26,0.794117647,0.866666667,"PRAD"
"TCGA-EJ-7788",45,3,26,19,37,15,0.422222222,0.405405405,"PRAD"
"TCGA-EJ-7791",21,2,5,16,20,15,0.761904762,0.75,"PRAD"
"TCGA-EJ-7792",18,2,15,3,17,2,0.166666667,0.117647059,"PRAD"
"TCGA-EJ-7793",12,3,2,10,12,10,0.833333333,0.833333333,"PRAD"
"TCGA-EJ-7794",17,3,4,13,15,12,0.764705882,0.8,"PRAD"
"TCGA-EJ-7797",33,3,11,22,30,21,0.666666667,0.7,"PRAD"
"TCGA-EJ-8468",31,3,19,12,27,12,0.387096774,0.444444444,"PRAD"
"TCGA-EJ-8469",33,5,5,28,30,26,0.848484848,0.866666667,"PRAD"
"TCGA-EJ-8470",28,4,6,22,27,21,0.785714286,0.777777778,"PRAD"
"TCGA-EJ-8472",56,2,52,4,51,3,0.071428571,0.058823529,"PRAD"
"TCGA-EJ-A46D",16,2,3,13,14,12,0.8125,0.857142857,"PRAD"
"TCGA-EJ-A46F",39,5,22,17,37,16,0.435897436,0.432432432,"PRAD"
"TCGA-EJ-A46G",68,3,41,27,61,25,0.397058824,0.409836066,"PRAD"
"TCGA-EJ-A65B",34,2,7,27,31,26,0.794117647,0.838709677,"PRAD"
"TCGA-EJ-A65D",45,3,27,18,38,18,0.4,0.473684211,"PRAD"
"TCGA-EJ-A65E",47,3,29,18,41,16,0.382978723,0.390243902,"PRAD"
"TCGA-EJ-A65F",85,3,54,31,75,27,0.364705882,0.36,"PRAD"
"TCGA-EJ-A65J",45,3,36,9,39,7,0.2,0.179487179,"PRAD"
"TCGA-EJ-A65M",45,4,15,30,39,26,0.666666667,0.666666667,"PRAD"
"TCGA-EJ-A6RA",15,2,4,11,15,11,0.733333333,0.733333333,"PRAD"
"TCGA-EJ-A6RC",28,2,6,22,27,21,0.785714286,0.777777778,"PRAD"
"TCGA-EJ-A7NF",24,3,14,10,22,9,0.416666667,0.409090909,"PRAD"
"TCGA-EJ-A7NH",23,3,11,12,21,11,0.52173913,0.523809524,"PRAD"
"TCGA-EJ-A7NM",66,2,58,8,56,8,0.121212121,0.142857143,"PRAD"
"TCGA-EJ-A8FN",43,4,15,28,40,26,0.651162791,0.65,"PRAD"
"TCGA-EJ-A8FO",20,3,4,16,18,14,0.8,0.777777778,"PRAD"
"TCGA-EJ-A8FS",38,5,15,23,33,19,0.605263158,0.575757576,"PRAD"
"TCGA-EJ-A8FU",12,2,2,10,12,10,0.833333333,0.833333333,"PRAD"
"TCGA-EJ-AB20",16,5,3,13,16,13,0.8125,0.8125,"PRAD"
"TCGA-EJ-AB27",29,2,6,23,26,23,0.793103448,0.884615385,"PRAD"
"TCGA-FC-7708",34,3,11,23,32,22,0.676470588,0.6875,"PRAD"
"TCGA-FC-7961",57,2,44,13,47,12,0.228070175,0.255319149,"PRAD"
"TCGA-FC-A4JI",40,2,35,5,34,5,0.125,0.147058824,"PRAD"
"TCGA-FC-A5OB",34,5,16,18,29,14,0.529411765,0.482758621,"PRAD"
"TCGA-FC-A6HD",39,3,23,16,36,13,0.41025641,0.361111111,"PRAD"
"TCGA-FC-A8O0",17,6,3,14,15,13,0.823529412,0.866666667,"PRAD"
"TCGA-G9-6329",36,2,13,23,32,20,0.638888889,0.625,"PRAD"
"TCGA-G9-6332",33,2,29,4,26,2,0.121212121,0.076923077,"PRAD"
"TCGA-G9-6333",46,2,25,21,40,17,0.456521739,0.425,"PRAD"
"TCGA-G9-6336",21,2,6,15,20,14,0.714285714,0.7,"PRAD"
"TCGA-G9-6338",48,3,13,35,42,30,0.729166667,0.714285714,"PRAD"
"TCGA-G9-6339",52,3,26,26,45,22,0.5,0.488888889,"PRAD"
"TCGA-G9-6347",27,2,6,21,22,18,0.777777778,0.818181818,"PRAD"
"TCGA-G9-6348",47,3,12,35,41,32,0.744680851,0.780487805,"PRAD"
"TCGA-G9-6354",33,2,9,24,27,19,0.727272727,0.703703704,"PRAD"
"TCGA-G9-6356",30,3,6,24,26,22,0.8,0.846153846,"PRAD"
"TCGA-G9-6361",39,3,29,10,35,9,0.256410256,0.257142857,"PRAD"
"TCGA-G9-6362",46,2,19,27,43,26,0.586956522,0.604651163,"PRAD"
"TCGA-G9-6363",55,3,12,43,47,40,0.781818182,0.85106383,"PRAD"
"TCGA-G9-6364",28,4,9,19,22,15,0.678571429,0.681818182,"PRAD"
"TCGA-G9-6366",36,5,9,27,33,24,0.75,0.727272727,"PRAD"
"TCGA-G9-6369",39,2,25,14,37,14,0.358974359,0.378378378,"PRAD"
"TCGA-G9-6373",29,4,21,8,26,6,0.275862069,0.230769231,"PRAD"
"TCGA-G9-6377",73,2,14,59,63,52,0.808219178,0.825396825,"PRAD"
"TCGA-G9-6378",33,2,28,5,29,4,0.151515152,0.137931034,"PRAD"
"TCGA-G9-6379",31,3,12,19,28,18,0.612903226,0.642857143,"PRAD"
"TCGA-G9-6384",25,3,13,12,24,12,0.48,0.5,"PRAD"
"TCGA-G9-6494",35,3,11,24,31,22,0.685714286,0.709677419,"PRAD"
"TCGA-G9-6496",49,3,41,8,38,4,0.163265306,0.105263158,"PRAD"
"TCGA-G9-6498",27,4,5,22,25,21,0.814814815,0.84,"PRAD"
"TCGA-G9-6499",48,2,41,7,40,6,0.145833333,0.15,"PRAD"
"TCGA-G9-7509",24,3,4,20,21,17,0.833333333,0.80952381,"PRAD"
"TCGA-G9-7519",32,3,6,26,30,24,0.8125,0.8,"PRAD"
"TCGA-G9-7523",20,4,3,17,20,17,0.85,0.85,"PRAD"
"TCGA-G9-7525",40,2,25,15,36,13,0.375,0.361111111,"PRAD"
"TCGA-H9-7775",41,3,17,24,38,23,0.585365854,0.605263158,"PRAD"
"TCGA-H9-A6BY",30,4,17,13,26,11,0.433333333,0.423076923,"PRAD"
"TCGA-HC-7075",33,4,7,26,28,23,0.787878788,0.821428571,"PRAD"
"TCGA-HC-7078",38,3,28,10,34,9,0.263157895,0.264705882,"PRAD"
"TCGA-HC-7080",50,3,29,21,43,16,0.42,0.372093023,"PRAD"
"TCGA-HC-7209",24,3,8,16,19,12,0.666666667,0.631578947,"PRAD"
"TCGA-HC-7211",27,4,13,14,24,13,0.518518519,0.541666667,"PRAD"
"TCGA-HC-7212",34,2,11,23,34,23,0.676470588,0.676470588,"PRAD"
"TCGA-HC-7213",50,3,31,19,44,17,0.38,0.386363636,"PRAD"
"TCGA-HC-7230",29,5,9,20,25,16,0.689655172,0.64,"PRAD"
"TCGA-HC-7231",47,4,14,33,42,30,0.70212766,0.714285714,"PRAD"
"TCGA-HC-7232",39,3,19,20,35,17,0.512820513,0.485714286,"PRAD"
"TCGA-HC-7233",40,4,6,34,37,32,0.85,0.864864865,"PRAD"
"TCGA-HC-7736",21,3,16,5,18,5,0.238095238,0.277777778,"PRAD"
"TCGA-HC-7738",43,4,21,22,40,20,0.511627907,0.5,"PRAD"
"TCGA-HC-7742",41,2,34,7,36,6,0.170731707,0.166666667,"PRAD"
"TCGA-HC-7747",43,2,19,24,40,23,0.558139535,0.575,"PRAD"
"TCGA-HC-7748",31,3,5,26,28,23,0.838709677,0.821428571,"PRAD"
"TCGA-HC-7752",38,4,10,28,36,27,0.736842105,0.75,"PRAD"
"TCGA-HC-7817",26,2,24,2,23,2,0.076923077,0.086956522,"PRAD"
"TCGA-HC-7818",28,2,16,12,27,11,0.428571429,0.407407407,"PRAD"
"TCGA-HC-7819",25,4,7,18,24,18,0.72,0.75,"PRAD"
"TCGA-HC-7820",34,3,13,21,33,21,0.617647059,0.636363636,"PRAD"
"TCGA-HC-7821",34,3,23,11,31,10,0.323529412,0.322580645,"PRAD"
"TCGA-HC-8213",20,5,6,14,18,13,0.7,0.722222222,"PRAD"
"TCGA-HC-8216",135,2,19,116,122,106,0.859259259,0.868852459,"PRAD"
"TCGA-HC-8256",31,3,9,22,29,21,0.709677419,0.724137931,"PRAD"
"TCGA-HC-8257",54,3,36,18,50,17,0.333333333,0.34,"PRAD"
"TCGA-HC-8259",56,3,9,47,53,44,0.839285714,0.830188679,"PRAD"
"TCGA-HC-8260",13,2,4,9,12,8,0.692307692,0.666666667,"PRAD"
"TCGA-HC-8261",34,3,19,15,30,13,0.441176471,0.433333333,"PRAD"
"TCGA-HC-8262",44,3,18,26,39,23,0.590909091,0.58974359,"PRAD"
"TCGA-HC-8264",45,3,36,9,38,9,0.2,0.236842105,"PRAD"
"TCGA-HC-8265",68,5,14,54,60,48,0.794117647,0.8,"PRAD"
"TCGA-HC-8266",30,2,27,3,27,3,0.1,0.111111111,"PRAD"
"TCGA-HC-A48F",29,4,5,24,26,22,0.827586207,0.846153846,"PRAD"
"TCGA-HC-A4ZV",145,3,121,24,120,22,0.165517241,0.183333333,"PRAD"
"TCGA-HC-A631",51,3,35,16,42,13,0.31372549,0.30952381,"PRAD"
"TCGA-HC-A632",44,2,41,3,41,2,0.068181818,0.048780488,"PRAD"
"TCGA-HC-A6AN",40,2,35,5,36,5,0.125,0.138888889,"PRAD"
"TCGA-HC-A6AO",47,5,16,31,41,27,0.659574468,0.658536585,"PRAD"
"TCGA-HC-A6AP",32,3,13,19,32,19,0.59375,0.59375,"PRAD"
"TCGA-HC-A6AQ",31,3,9,22,29,21,0.709677419,0.724137931,"PRAD"
"TCGA-HC-A6AS",30,3,5,25,28,25,0.833333333,0.892857143,"PRAD"
"TCGA-HC-A6HY",28,2,22,6,26,6,0.214285714,0.230769231,"PRAD"
"TCGA-HC-A76W",43,2,29,14,41,13,0.325581395,0.317073171,"PRAD"
"TCGA-HC-A76X",34,3,10,24,31,21,0.705882353,0.677419355,"PRAD"
"TCGA-HC-A8CY",37,4,18,19,33,15,0.513513514,0.454545455,"PRAD"
"TCGA-HC-A8D0",34,2,32,2,32,2,0.058823529,0.0625,"PRAD"
"TCGA-HC-A8D1",29,3,16,13,27,13,0.448275862,0.481481481,"PRAD"
"TCGA-HC-A9TE",58,2,44,14,54,13,0.24137931,0.240740741,"PRAD"
"TCGA-HC-A9TH",60,2,43,17,57,16,0.283333333,0.280701754,"PRAD"
"TCGA-HI-7168",64,3,41,23,55,21,0.359375,0.381818182,"PRAD"
"TCGA-HI-7169",41,3,7,34,40,33,0.829268293,0.825,"PRAD"
"TCGA-HI-7170",31,4,8,23,26,19,0.741935484,0.730769231,"PRAD"
"TCGA-HI-7171",42,3,25,17,36,16,0.404761905,0.444444444,"PRAD"
"TCGA-J4-8198",35,4,16,19,30,16,0.542857143,0.533333333,"PRAD"
"TCGA-J4-8200",19,4,6,13,18,12,0.684210526,0.666666667,"PRAD"
"TCGA-J4-A67L",37,3,23,14,34,13,0.378378378,0.382352941,"PRAD"
"TCGA-J4-A67M",44,2,40,4,38,2,0.090909091,0.052631579,"PRAD"
"TCGA-J4-A67N",27,5,6,21,23,18,0.777777778,0.782608696,"PRAD"
"TCGA-J4-A67O",25,3,4,21,21,18,0.84,0.857142857,"PRAD"
"TCGA-J4-A67Q",26,3,4,22,26,22,0.846153846,0.846153846,"PRAD"
"TCGA-J4-A67R",22,2,4,18,19,15,0.818181818,0.789473684,"PRAD"
"TCGA-J4-A67T",21,3,10,11,15,9,0.523809524,0.6,"PRAD"
"TCGA-J4-A6G1",19,2,1,18,19,18,0.947368421,0.947368421,"PRAD"
"TCGA-J4-A6G3",26,2,9,17,23,14,0.653846154,0.608695652,"PRAD"
"TCGA-J4-A6M7",20,4,5,15,20,15,0.75,0.75,"PRAD"
"TCGA-J4-A83I",32,3,18,14,26,10,0.4375,0.384615385,"PRAD"
"TCGA-J4-A83J",57,4,32,25,52,23,0.438596491,0.442307692,"PRAD"
"TCGA-J4-A83K",31,3,14,17,29,15,0.548387097,0.517241379,"PRAD"
"TCGA-J4-A83M",42,4,8,34,38,31,0.80952381,0.815789474,"PRAD"
"TCGA-J4-A83N",25,2,17,8,21,7,0.32,0.333333333,"PRAD"
"TCGA-J4-AATZ",42,5,14,28,39,25,0.666666667,0.641025641,"PRAD"
"TCGA-J4-AAU2",28,3,11,17,28,17,0.607142857,0.607142857,"PRAD"
"TCGA-J9-A52B",39,2,35,4,30,2,0.102564103,0.066666667,"PRAD"
"TCGA-J9-A52C",666,2,565,101,615,92,0.151651652,0.149593496,"PRAD"
"TCGA-J9-A52E",31,1,31,0,29,0,0,0,"PRAD"
"TCGA-J9-A8CK",25,4,15,10,21,9,0.4,0.428571429,"PRAD"
"TCGA-J9-A8CL",66,3,34,32,57,28,0.484848485,0.49122807,"PRAD"
"TCGA-J9-A8CM",91,4,52,39,77,36,0.428571429,0.467532468,"PRAD"
"TCGA-J9-A8CN",26,4,15,11,24,11,0.423076923,0.458333333,"PRAD"
"TCGA-J9-A8CP",36,3,24,12,32,10,0.333333333,0.3125,"PRAD"
"TCGA-KC-A4BL",24,2,5,19,20,16,0.791666667,0.8,"PRAD"
"TCGA-KC-A4BN",25,3,4,21,20,18,0.84,0.9,"PRAD"
"TCGA-KC-A4BV",32,5,14,18,30,17,0.5625,0.566666667,"PRAD"
"TCGA-KC-A7F3",34,4,9,25,32,24,0.735294118,0.75,"PRAD"
"TCGA-KC-A7F6",29,3,13,16,27,15,0.551724138,0.555555556,"PRAD"
"TCGA-KC-A7FA",46,4,27,19,41,18,0.413043478,0.43902439,"PRAD"
"TCGA-KC-A7FD",54,4,21,33,44,26,0.611111111,0.590909091,"PRAD"
"TCGA-KK-A59V",907,4,555,352,830,318,0.388092613,0.38313253,"PRAD"
"TCGA-KK-A59X",54,3,31,23,48,21,0.425925926,0.4375,"PRAD"
"TCGA-KK-A59Z",59,3,45,14,55,13,0.237288136,0.236363636,"PRAD"
"TCGA-KK-A6DY",33,3,10,23,30,22,0.696969697,0.733333333,"PRAD"
"TCGA-KK-A6E0",30,3,20,10,28,10,0.333333333,0.357142857,"PRAD"
"TCGA-KK-A6E1",27,2,24,3,27,3,0.111111111,0.111111111,"PRAD"
"TCGA-KK-A6E2",49,5,10,39,47,38,0.795918367,0.808510638,"PRAD"
"TCGA-KK-A6E3",45,2,8,37,42,36,0.822222222,0.857142857,"PRAD"
"TCGA-KK-A6E4",47,5,18,29,43,26,0.617021277,0.604651163,"PRAD"
"TCGA-KK-A6E5",22,4,7,15,20,13,0.681818182,0.65,"PRAD"
"TCGA-KK-A6E6",51,2,41,10,45,9,0.196078431,0.2,"PRAD"
"TCGA-KK-A6E8",45,2,29,16,43,16,0.355555556,0.372093023,"PRAD"
"TCGA-KK-A7AP",40,3,27,13,35,11,0.325,0.314285714,"PRAD"
"TCGA-KK-A7AQ",38,3,26,12,38,12,0.315789474,0.315789474,"PRAD"
"TCGA-KK-A7AU",27,4,9,18,24,17,0.666666667,0.708333333,"PRAD"
"TCGA-KK-A7AV",22,3,8,14,17,11,0.636363636,0.647058824,"PRAD"
"TCGA-KK-A7AW",36,2,31,5,30,5,0.138888889,0.166666667,"PRAD"
"TCGA-KK-A7AY",47,2,41,6,42,6,0.127659574,0.142857143,"PRAD"
"TCGA-KK-A7AZ",36,3,26,10,33,9,0.277777778,0.272727273,"PRAD"
"TCGA-KK-A7B0",39,2,33,6,36,6,0.153846154,0.166666667,"PRAD"
"TCGA-KK-A7B1",21,3,10,11,20,11,0.523809524,0.55,"PRAD"
"TCGA-KK-A7B2",21,2,6,15,19,14,0.714285714,0.736842105,"PRAD"
"TCGA-KK-A7B3",39,2,37,2,35,2,0.051282051,0.057142857,"PRAD"
"TCGA-KK-A7B4",43,2,30,13,35,11,0.302325581,0.314285714,"PRAD"
"TCGA-KK-A8I4",30,3,18,12,25,11,0.4,0.44,"PRAD"
"TCGA-KK-A8I6",36,3,19,17,33,16,0.472222222,0.484848485,"PRAD"
"TCGA-KK-A8I8",28,3,18,10,22,9,0.357142857,0.409090909,"PRAD"
"TCGA-KK-A8I9",50,3,12,38,45,34,0.76,0.755555556,"PRAD"
"TCGA-KK-A8IA",39,4,30,9,36,8,0.230769231,0.222222222,"PRAD"
"TCGA-KK-A8IB",52,3,12,40,50,39,0.769230769,0.78,"PRAD"
"TCGA-KK-A8IC",20,2,19,1,20,1,0.05,0.05,"PRAD"
"TCGA-KK-A8ID",61,3,44,17,57,16,0.278688525,0.280701754,"PRAD"
"TCGA-KK-A8IF",32,4,9,23,30,22,0.71875,0.733333333,"PRAD"
"TCGA-KK-A8IG",43,3,17,26,39,24,0.604651163,0.615384615,"PRAD"
"TCGA-KK-A8II",42,3,31,11,39,10,0.261904762,0.256410256,"PRAD"
"TCGA-KK-A8IJ",34,2,25,9,31,9,0.264705882,0.290322581,"PRAD"
"TCGA-KK-A8IK",31,3,26,5,28,5,0.161290323,0.178571429,"PRAD"
"TCGA-KK-A8IL",47,4,19,28,42,24,0.595744681,0.571428571,"PRAD"
"TCGA-KK-A8IM",27,2,24,3,23,3,0.111111111,0.130434783,"PRAD"
"TCGA-M7-A71Y",22,2,6,16,20,14,0.727272727,0.7,"PRAD"
"TCGA-M7-A71Z",31,4,14,17,30,16,0.548387097,0.533333333,"PRAD"
"TCGA-M7-A722",33,3,27,6,31,6,0.181818182,0.193548387,"PRAD"
"TCGA-M7-A724",30,3,19,11,30,11,0.366666667,0.366666667,"PRAD"
"TCGA-M7-A725",34,3,21,13,30,11,0.382352941,0.366666667,"PRAD"
"TCGA-MG-AAMC",26,4,16,10,25,10,0.384615385,0.4,"PRAD"
"TCGA-QU-A6IL",37,2,24,13,33,11,0.351351351,0.333333333,"PRAD"
"TCGA-QU-A6IM",73,3,59,14,69,14,0.191780822,0.202898551,"PRAD"
"TCGA-QU-A6IN",34,4,19,15,30,12,0.441176471,0.4,"PRAD"
"TCGA-QU-A6IO",44,3,16,28,36,24,0.636363636,0.666666667,"PRAD"
"TCGA-QU-A6IP",15,3,9,6,13,5,0.4,0.384615385,"PRAD"
"TCGA-SU-A7E7",25,3,5,20,22,18,0.8,0.818181818,"PRAD"
"TCGA-TK-A8OK",51,2,45,6,49,6,0.117647059,0.12244898,"PRAD"
"TCGA-TP-A8TT",30,4,16,14,25,12,0.466666667,0.48,"PRAD"
"TCGA-TP-A8TV",43,4,13,30,38,27,0.697674419,0.710526316,"PRAD"
"TCGA-V1-A8MF",36,2,32,4,31,3,0.111111111,0.096774194,"PRAD"
"TCGA-V1-A8MJ",20,2,8,12,20,12,0.6,0.6,"PRAD"
"TCGA-V1-A8ML",11,3,5,6,11,6,0.545454545,0.545454545,"PRAD"
"TCGA-V1-A8MM",23,4,15,8,18,7,0.347826087,0.388888889,"PRAD"
"TCGA-V1-A8MU",33,3,27,6,28,6,0.181818182,0.214285714,"PRAD"
"TCGA-V1-A8WL",31,3,12,19,29,19,0.612903226,0.655172414,"PRAD"
"TCGA-V1-A8WV",45,3,35,10,37,9,0.222222222,0.243243243,"PRAD"
"TCGA-V1-A8WW",42,4,27,15,36,14,0.357142857,0.388888889,"PRAD"
"TCGA-V1-A8X3",31,4,7,24,29,22,0.774193548,0.75862069,"PRAD"
"TCGA-V1-A9O5",57,5,18,39,51,36,0.684210526,0.705882353,"PRAD"
"TCGA-V1-A9O9",34,2,25,9,32,7,0.264705882,0.21875,"PRAD"
"TCGA-V1-A9OA",18,4,11,7,17,6,0.388888889,0.352941176,"PRAD"
"TCGA-V1-A9OF",15,4,6,9,11,7,0.6,0.636363636,"PRAD"
"TCGA-V1-A9OH",54,2,35,19,49,19,0.351851852,0.387755102,"PRAD"
"TCGA-V1-A9OL",41,4,22,19,36,17,0.463414634,0.472222222,"PRAD"
"TCGA-V1-A9OQ",53,4,17,36,50,33,0.679245283,0.66,"PRAD"
"TCGA-V1-A9OT",35,3,24,11,26,8,0.314285714,0.307692308,"PRAD"
"TCGA-V1-A9OX",28,3,15,13,28,13,0.464285714,0.464285714,"PRAD"
"TCGA-V1-A9OY",23,3,6,17,18,13,0.739130435,0.722222222,"PRAD"
"TCGA-V1-A9Z7",33,3,14,19,29,15,0.575757576,0.517241379,"PRAD"
"TCGA-V1-A9Z9",30,3,24,6,30,6,0.2,0.2,"PRAD"
"TCGA-V1-A9ZG",30,3,11,19,29,18,0.633333333,0.620689655,"PRAD"
"TCGA-V1-A9ZI",32,4,22,10,29,9,0.3125,0.310344828,"PRAD"
"TCGA-V1-A9ZK",25,3,7,18,23,16,0.72,0.695652174,"PRAD"
"TCGA-V1-A9ZR",47,2,40,7,37,6,0.14893617,0.162162162,"PRAD"
"TCGA-VN-A88I",16,2,9,7,16,7,0.4375,0.4375,"PRAD"
"TCGA-VN-A88K",25,3,18,7,24,7,0.28,0.291666667,"PRAD"
"TCGA-VN-A88L",29,2,18,11,27,10,0.379310345,0.37037037,"PRAD"
"TCGA-VN-A88M",24,5,4,20,22,19,0.833333333,0.863636364,"PRAD"
"TCGA-VN-A88N",26,4,13,13,24,13,0.5,0.541666667,"PRAD"
"TCGA-VN-A88R",25,3,21,4,22,3,0.16,0.136363636,"PRAD"
"TCGA-VN-A943",30,4,7,23,26,20,0.766666667,0.769230769,"PRAD"
"TCGA-VP-A872",28,3,6,22,25,20,0.785714286,0.8,"PRAD"
"TCGA-VP-A875",49,3,14,35,42,29,0.714285714,0.69047619,"PRAD"
"TCGA-VP-A876",24,3,13,11,24,11,0.458333333,0.458333333,"PRAD"
"TCGA-VP-A878",32,2,30,2,30,2,0.0625,0.066666667,"PRAD"
"TCGA-VP-A879",49,3,29,20,44,18,0.408163265,0.409090909,"PRAD"
"TCGA-VP-A87B",39,3,34,5,37,5,0.128205128,0.135135135,"PRAD"
"TCGA-VP-A87C",24,2,20,4,22,4,0.166666667,0.181818182,"PRAD"
"TCGA-VP-A87D",62,4,24,38,56,35,0.612903226,0.625,"PRAD"
"TCGA-VP-A87E",24,2,4,20,20,17,0.833333333,0.85,"PRAD"
"TCGA-VP-A87H",32,1,32,0,30,0,0,0,"PRAD"
"TCGA-VP-A87J",40,4,20,20,34,17,0.5,0.5,"PRAD"
"TCGA-VP-A87K",36,2,25,11,34,10,0.305555556,0.294117647,"PRAD"
"TCGA-VP-AA1N",38,2,32,6,33,5,0.157894737,0.151515152,"PRAD"
"TCGA-WW-A8ZI",36,4,26,10,33,9,0.277777778,0.272727273,"PRAD"
"TCGA-X4-A8KQ",51,2,31,20,44,16,0.392156863,0.363636364,"PRAD"
"TCGA-X4-A8KS",28,2,7,21,24,20,0.75,0.833333333,"PRAD"
"TCGA-XA-A8JR",24,3,4,20,22,19,0.833333333,0.863636364,"PRAD"
"TCGA-XJ-A83F",34,2,32,2,34,2,0.058823529,0.058823529,"PRAD"
"TCGA-XJ-A83G",28,4,7,21,22,17,0.75,0.772727273,"PRAD"
"TCGA-XJ-A83H",41,3,11,30,35,25,0.731707317,0.714285714,"PRAD"
"TCGA-XJ-A9DI",24,2,4,20,20,16,0.833333333,0.8,"PRAD"
"TCGA-XJ-A9DQ",11,3,2,9,11,9,0.818181818,0.818181818,"PRAD"
"TCGA-XJ-A9DX",70,4,41,29,63,26,0.414285714,0.412698413,"PRAD"
"TCGA-XK-AAIR",31,3,6,25,30,24,0.806451613,0.8,"PRAD"
"TCGA-XK-AAIW",9308,2,7841,1467,8516,1339,0.15760636,0.157233443,"PRAD"
"TCGA-XK-AAJ3",64,1,64,0,51,0,0,0,"PRAD"
"TCGA-XK-AAJA",54,4,13,41,49,37,0.759259259,0.755102041,"PRAD"
"TCGA-XK-AAJP",48,3,38,10,41,7,0.208333333,0.170731707,"PRAD"
"TCGA-XK-AAJR",30,3,9,21,29,20,0.7,0.689655172,"PRAD"
"TCGA-XK-AAJT",33,4,12,21,32,21,0.636363636,0.65625,"PRAD"
"TCGA-XK-AAK1",43,3,26,17,40,17,0.395348837,0.425,"PRAD"
"TCGA-XQ-A8TA",128,3,103,25,117,25,0.1953125,0.213675214,"PRAD"
"TCGA-XQ-A8TB",33,4,23,10,31,10,0.303030303,0.322580645,"PRAD"
"TCGA-Y6-A8TL",32,2,30,2,28,2,0.0625,0.071428571,"PRAD"
"TCGA-Y6-A9XI",53,5,13,40,48,36,0.754716981,0.75,"PRAD"
"TCGA-YJ-A8SW",72,4,30,42,63,38,0.583333333,0.603174603,"PRAD"
"TCGA-YL-A8HJ",36,2,21,15,32,13,0.416666667,0.40625,"PRAD"
"TCGA-YL-A8HL",24,4,15,9,22,9,0.375,0.409090909,"PRAD"
"TCGA-YL-A8HM",48,3,34,14,41,13,0.291666667,0.317073171,"PRAD"
"TCGA-YL-A8S9",38,3,31,7,31,6,0.184210526,0.193548387,"PRAD"
"TCGA-YL-A8SA",35,3,27,8,34,7,0.228571429,0.205882353,"PRAD"
"TCGA-YL-A8SB",31,2,23,8,28,8,0.258064516,0.285714286,"PRAD"
"TCGA-YL-A8SC",52,4,29,23,48,23,0.442307692,0.479166667,"PRAD"
"TCGA-YL-A8SH",36,3,30,6,34,6,0.166666667,0.176470588,"PRAD"
"TCGA-YL-A8SK",42,2,34,8,39,8,0.19047619,0.205128205,"PRAD"
"TCGA-YL-A8SL",44,2,38,6,42,6,0.136363636,0.142857143,"PRAD"
"TCGA-YL-A8SO",42,2,30,12,39,12,0.285714286,0.307692308,"PRAD"
"TCGA-YL-A8SP",30,3,20,10,27,8,0.333333333,0.296296296,"PRAD"
"TCGA-YL-A8SQ",39,3,29,10,37,10,0.256410256,0.27027027,"PRAD"
"TCGA-YL-A8SR",29,4,5,24,25,21,0.827586207,0.84,"PRAD"
"TCGA-YL-A9WH",67,2,56,11,61,10,0.164179104,0.163934426,"PRAD"
"TCGA-YL-A9WI",49,4,31,18,44,14,0.367346939,0.318181818,"PRAD"
"TCGA-YL-A9WJ",24,2,21,3,24,3,0.125,0.125,"PRAD"
"TCGA-YL-A9WL",28,3,16,12,23,9,0.428571429,0.391304348,"PRAD"
"TCGA-ZG-A8QX",34,4,10,24,32,23,0.705882353,0.71875,"PRAD"
"TCGA-ZG-A8QY",68,3,49,19,56,15,0.279411765,0.267857143,"PRAD"
"TCGA-ZG-A9L0",41,2,38,3,38,3,0.073170732,0.078947368,"PRAD"
"TCGA-ZG-A9L1",36,3,27,9,30,8,0.25,0.266666667,"PRAD"
"TCGA-ZG-A9L4",31,2,8,23,29,23,0.741935484,0.793103448,"PRAD"
"TCGA-ZG-A9L6",43,2,13,30,37,28,0.697674419,0.756756757,"PRAD"
"TCGA-ZG-A9L9",48,2,43,5,44,5,0.104166667,0.113636364,"PRAD"
"TCGA-ZG-A9LB",65,3,12,53,60,50,0.815384615,0.833333333,"PRAD"
"TCGA-ZG-A9LN",38,5,8,30,33,27,0.789473684,0.818181818,"PRAD"
"TCGA-ZG-A9LS",26,2,21,5,21,3,0.192307692,0.142857143,"PRAD"
"TCGA-ZG-A9LU",27,2,3,24,25,22,0.888888889,0.88,"PRAD"
"TCGA-ZG-A9LZ",39,4,20,19,37,18,0.487179487,0.486486486,"PRAD"
"TCGA-ZG-A9M4",38,2,35,3,35,3,0.078947368,0.085714286,"PRAD"
"TCGA-ZG-A9N3",73,2,67,6,67,6,0.082191781,0.089552239,"PRAD"
"TCGA-ZG-A9ND",24,3,4,20,22,19,0.833333333,0.863636364,"PRAD"
"TCGA-EJ-7789",35,4,16,19,33,19,0.542857143,0.575757576,"PRAD"
"TCGA-G9-6365",32,3,17,15,28,13,0.46875,0.464285714,"PRAD"
"TCGA-G9-6385",15,3,4,11,13,10,0.733333333,0.769230769,"PRAD"
"TCGA-HC-7740",25,2,7,18,23,17,0.72,0.739130435,"PRAD"
